[46.0, 670.0, 167.5, 192.0]
[45.0, 630.0, 157.5, 214.0]
[44.0, 666.0, 166.5, 202.0]
[44.0, 646.0, 161.5, 228.0]
[49.0, 684.0, 171.0, 226.0]
[38.0, 558.0, 139.5, 182.0]
[47.0, 662.0, 165.5, 228.0]
[44.0, 616.0, 154.0, 236.0]
[48.0, 622.0, 155.5, 224.0]
[46.0, 596.0, 149.0, 200.0]
[44.0, 640.0, 160.0, 206.0]
[49.0, 654.0, 163.5, 226.0]
[51.0, 614.0, 153.5, 220.0]
[50.0, 610.0, 152.5, 228.0]
[50.0, 646.0, 161.5, 238.0]
[35.0, 548.0, 137.0, 178.0]
[56.0, 662.0, 165.5, 220.0]
[53.0, 648.0, 162.0, 194.0]
[51.0, 652.0, 163.0, 250.0]
[43.0, 618.0, 154.5, 194.0]
[46.0, 608.0, 152.0, 230.0]
[44.0, 686.0, 171.5, 236.0]
[54.0, 642.0, 160.5, 206.0]
[42.0, 622.0, 155.5, 180.0]
[50.0, 676.0, 169.0, 198.0]
[68.0, 618.0, 154.5, 274.0]
[56.0, 654.0, 163.5, 220.0]
[41.0, 668.0, 167.0, 210.0]
[51.0, 584.0, 146.0, 260.0]
[39.0, 606.0, 151.5, 174.0]
[44.0, 646.0, 161.5, 216.0]
[48.0, 610.0, 152.5, 194.0]
[41.0, 622.0, 155.5, 198.0]
[43.0, 582.0, 145.5, 232.0]
[44.0, 654.0, 163.5, 188.0]
[49.0, 586.0, 146.5, 266.0]
[44.0, 674.0, 168.5, 194.0]
[37.0, 536.0, 134.0, 172.0]
[48.0, 652.0, 163.0, 234.0]
[54.0, 674.0, 168.5, 214.0]
[44.0, 616.0, 154.0, 218.0]
[51.0, 658.0, 164.5, 218.0]
[42.0, 626.0, 156.5, 222.0]
[51.0, 680.0, 170.0, 230.0]
[48.0, 630.0, 157.5, 214.0]
[41.0, 664.0, 166.0, 210.0]
[49.0, 728.0, 182.0, 234.0]
[49.0, 704.0, 176.0, 218.0]
[46.0, 580.0, 145.0, 210.0]
[43.0, 666.0, 166.5, 190.0]
[43.0, 618.0, 154.5, 224.0]
[37.0, 616.0, 154.0, 202.0]
[48.0, 692.0, 173.0, 204.0]
[45.0, 666.0, 166.5, 198.0]
[45.0, 622.0, 155.5, 194.0]
[43.0, 656.0, 164.0, 182.0]
[42.0, 648.0, 162.0, 262.0]
[48.0, 666.0, 166.5, 224.0]
[49.0, 650.0, 162.5, 218.0]
[57.0, 654.0, 163.5, 232.0]
[52.0, 640.0, 160.0, 252.0]
[58.0, 648.0, 162.0, 264.0]
[45.0, 602.0, 150.5, 218.0]
[43.0, 646.0, 161.5, 226.0]
[44.0, 616.0, 154.0, 216.0]
[40.0, 634.0, 158.5, 182.0]
[38.0, 610.0, 152.5, 200.0]
[52.0, 676.0, 169.0, 190.0]
[60.0, 690.0, 172.5, 238.0]
[61.0, 718.0, 179.5, 250.0]
[37.0, 650.0, 162.5, 202.0]
[41.0, 612.0, 153.0, 200.0]
[41.0, 660.0, 165.0, 200.0]
[48.0, 700.0, 175.0, 214.0]
[49.0, 660.0, 165.0, 236.0]
[47.0, 582.0, 145.5, 192.0]
[46.0, 656.0, 164.0, 200.0]
[41.0, 608.0, 152.0, 170.0]
[53.0, 656.0, 164.0, 234.0]
[47.0, 632.0, 158.0, 206.0]
[40.0, 682.0, 170.5, 208.0]
[40.0, 588.0, 147.0, 208.0]
[39.0, 680.0, 170.0, 226.0]
[46.0, 630.0, 157.5, 240.0]
[40.0, 666.0, 166.5, 198.0]
[49.0, 670.0, 167.5, 186.0]
[45.0, 656.0, 164.0, 218.0]
[45.0, 658.0, 164.5, 216.0]
[49.0, 654.0, 163.5, 196.0]
[40.0, 606.0, 151.5, 208.0]
[47.0, 638.0, 159.5, 246.0]
[69.0, 716.0, 179.0, 256.0]
[41.0, 626.0, 156.5, 204.0]
[42.0, 590.0, 147.5, 232.0]
[35.0, 578.0, 144.5, 178.0]
[41.0, 612.0, 153.0, 188.0]
[39.0, 598.0, 149.5, 178.0]
[47.0, 652.0, 163.0, 192.0]
[49.0, 706.0, 176.5, 196.0]
[40.0, 676.0, 169.0, 176.0]
[52.0, 640.0, 160.0, 212.0]
[53.0, 646.0, 161.5, 216.0]
[42.0, 624.0, 156.0, 212.0]
[45.0, 634.0, 158.5, 196.0]
[49.0, 610.0, 152.5, 236.0]
[40.0, 600.0, 150.0, 168.0]
[50.0, 650.0, 162.5, 196.0]
[39.0, 610.0, 152.5, 166.0]
[39.0, 602.0, 150.5, 196.0]
[54.0, 634.0, 158.5, 196.0]
[37.0, 608.0, 152.0, 178.0]
[42.0, 628.0, 157.0, 192.0]
[66.0, 694.0, 173.5, 230.0]
[44.0, 586.0, 146.5, 176.0]
[43.0, 636.0, 159.0, 224.0]
[46.0, 636.0, 159.0, 186.0]
[42.0, 582.0, 145.5, 182.0]
[52.0, 696.0, 174.0, 188.0]
[39.0, 640.0, 160.0, 176.0]
[50.0, 614.0, 153.5, 228.0]
[42.0, 642.0, 160.5, 172.0]
[52.0, 638.0, 159.5, 242.0]
[48.0, 660.0, 165.0, 224.0]
[51.0, 598.0, 149.5, 240.0]
[54.0, 720.0, 180.0, 236.0]
[44.0, 632.0, 158.0, 216.0]
[53.0, 676.0, 169.0, 204.0]
[52.0, 644.0, 161.0, 192.0]
[43.0, 586.0, 146.5, 214.0]
[51.0, 612.0, 153.0, 220.0]
[52.0, 728.0, 182.0, 228.0]
[34.0, 614.0, 153.5, 166.0]
[52.0, 654.0, 163.5, 210.0]
[43.0, 598.0, 149.5, 204.0]
[63.0, 690.0, 172.5, 206.0]
[48.0, 640.0, 160.0, 244.0]
[38.0, 624.0, 156.0, 204.0]
[46.0, 604.0, 151.0, 220.0]
[50.0, 748.0, 187.0, 224.0]
[48.0, 642.0, 160.5, 214.0]
[41.0, 598.0, 149.5, 204.0]
[51.0, 610.0, 152.5, 240.0]
[46.0, 672.0, 168.0, 190.0]
[38.0, 602.0, 150.5, 174.0]
[47.0, 672.0, 168.0, 184.0]
[36.0, 554.0, 138.5, 182.0]
[57.0, 674.0, 168.5, 222.0]
[49.0, 626.0, 156.5, 216.0]
[49.0, 664.0, 166.0, 190.0]
[52.0, 654.0, 163.5, 252.0]
[42.0, 576.0, 144.0, 198.0]
[43.0, 676.0, 169.0, 186.0]
[37.0, 586.0, 146.5, 222.0]
[53.0, 638.0, 159.5, 214.0]
[35.0, 566.0, 141.5, 228.0]
[33.0, 560.0, 140.0, 212.0]
[44.0, 608.0, 152.0, 196.0]
[47.0, 660.0, 165.0, 192.0]
[43.0, 664.0, 166.0, 174.0]
[36.0, 564.0, 141.0, 190.0]
[42.0, 564.0, 141.0, 212.0]
[39.0, 640.0, 160.0, 176.0]
[38.0, 634.0, 158.5, 184.0]
[47.0, 590.0, 147.5, 252.0]
[51.0, 682.0, 170.5, 200.0]
[34.0, 606.0, 151.5, 196.0]
[36.0, 618.0, 154.5, 186.0]
[48.0, 592.0, 148.0, 254.0]
[45.0, 584.0, 146.0, 168.0]
[53.0, 682.0, 170.5, 184.0]
[54.0, 602.0, 150.5, 286.0]
[42.0, 622.0, 155.5, 176.0]
[57.0, 694.0, 173.5, 232.0]
[37.0, 568.0, 142.0, 204.0]
[48.0, 654.0, 163.5, 204.0]
[37.0, 586.0, 146.5, 172.0]
[64.0, 736.0, 184.0, 236.0]
[46.0, 660.0, 165.0, 210.0]
[66.0, 662.0, 165.5, 290.0]
[52.0, 628.0, 157.0, 242.0]
[49.0, 638.0, 159.5, 256.0]
[57.0, 670.0, 167.5, 212.0]
[47.0, 658.0, 164.5, 216.0]
[36.0, 614.0, 153.5, 174.0]
[60.0, 682.0, 170.5, 268.0]
[43.0, 602.0, 150.5, 234.0]
[40.0, 536.0, 134.0, 238.0]
[53.0, 632.0, 158.0, 214.0]
[42.0, 620.0, 155.0, 212.0]
[49.0, 688.0, 172.0, 216.0]
[49.0, 622.0, 155.5, 216.0]
[40.0, 628.0, 157.0, 228.0]
[46.0, 650.0, 162.5, 190.0]
[44.0, 648.0, 162.0, 226.0]
[45.0, 650.0, 162.5, 208.0]
[42.0, 616.0, 154.0, 222.0]
[44.0, 646.0, 161.5, 198.0]
[38.0, 614.0, 153.5, 192.0]
[47.0, 624.0, 156.0, 252.0]
[53.0, 622.0, 155.5, 274.0]
[54.0, 732.0, 183.0, 264.0]
[60.0, 682.0, 170.5, 218.0]
[33.0, 548.0, 137.0, 174.0]
[58.0, 640.0, 160.0, 244.0]
[51.0, 650.0, 162.5, 250.0]
[43.0, 598.0, 149.5, 170.0]
[51.0, 672.0, 168.0, 204.0]
[37.0, 628.0, 157.0, 172.0]
[57.0, 742.0, 185.5, 212.0]
[39.0, 660.0, 165.0, 192.0]
[59.0, 766.0, 191.5, 256.0]
[41.0, 606.0, 151.5, 218.0]
[47.0, 610.0, 152.5, 222.0]
[43.0, 682.0, 170.5, 230.0]
[44.0, 666.0, 166.5, 186.0]
[66.0, 600.0, 150.0, 290.0]
[39.0, 618.0, 154.5, 236.0]
[60.0, 728.0, 182.0, 208.0]
[42.0, 620.0, 155.0, 232.0]
[38.0, 616.0, 154.0, 182.0]
[45.0, 680.0, 170.0, 228.0]
[51.0, 680.0, 170.0, 246.0]
[44.0, 664.0, 166.0, 206.0]
[48.0, 736.0, 184.0, 214.0]
[48.0, 654.0, 163.5, 224.0]
[45.0, 678.0, 169.5, 238.0]
[41.0, 612.0, 153.0, 218.0]
[60.0, 658.0, 164.5, 228.0]
[37.0, 586.0, 146.5, 162.0]
[49.0, 648.0, 162.0, 266.0]
[53.0, 676.0, 169.0, 194.0]
[43.0, 600.0, 150.0, 242.0]
[52.0, 662.0, 165.5, 232.0]
[44.0, 680.0, 170.0, 182.0]
[53.0, 668.0, 167.0, 186.0]
[51.0, 584.0, 146.0, 190.0]
[56.0, 668.0, 167.0, 230.0]
[39.0, 644.0, 161.0, 196.0]
[36.0, 592.0, 148.0, 180.0]
[42.0, 622.0, 155.5, 204.0]
[41.0, 594.0, 148.5, 182.0]
[38.0, 548.0, 137.0, 214.0]
[42.0, 612.0, 153.0, 200.0]
[61.0, 732.0, 183.0, 250.0]
[40.0, 580.0, 145.0, 188.0]
[34.0, 560.0, 140.0, 146.0]
[50.0, 646.0, 161.5, 212.0]
[48.0, 626.0, 156.5, 194.0]
[65.0, 722.0, 180.5, 198.0]
[43.0, 602.0, 150.5, 224.0]
[48.0, 680.0, 170.0, 200.0]
[42.0, 632.0, 158.0, 174.0]
[52.0, 674.0, 168.5, 204.0]
[56.0, 600.0, 150.0, 240.0]
[43.0, 630.0, 157.5, 210.0]
[48.0, 628.0, 157.0, 234.0]
[48.0, 660.0, 165.0, 206.0]
[41.0, 624.0, 156.0, 210.0]
[52.0, 712.0, 178.0, 212.0]
[45.0, 622.0, 155.5, 194.0]
[42.0, 624.0, 156.0, 202.0]
[38.0, 592.0, 148.0, 194.0]
[42.0, 606.0, 151.5, 202.0]
[36.0, 566.0, 141.5, 190.0]
[42.0, 620.0, 155.0, 176.0]
[49.0, 614.0, 153.5, 246.0]
[53.0, 646.0, 161.5, 218.0]
[36.0, 578.0, 144.5, 190.0]
[45.0, 578.0, 144.5, 198.0]
[59.0, 662.0, 165.5, 206.0]
[49.0, 618.0, 154.5, 286.0]
[40.0, 638.0, 159.5, 180.0]
[51.0, 702.0, 175.5, 210.0]
[48.0, 600.0, 150.0, 214.0]
[44.0, 638.0, 159.5, 206.0]
[39.0, 580.0, 145.0, 186.0]
[47.0, 604.0, 151.0, 192.0]
[44.0, 624.0, 156.0, 226.0]
[44.0, 668.0, 167.0, 182.0]
[43.0, 690.0, 172.5, 232.0]
[51.0, 678.0, 169.5, 230.0]
[50.0, 676.0, 169.0, 190.0]
[43.0, 620.0, 155.0, 190.0]
[46.0, 588.0, 147.0, 200.0]
[44.0, 588.0, 147.0, 204.0]
[57.0, 692.0, 173.0, 202.0]
[44.0, 662.0, 165.5, 196.0]
[61.0, 714.0, 178.5, 202.0]
[35.0, 594.0, 148.5, 174.0]
[46.0, 654.0, 163.5, 210.0]
[45.0, 644.0, 161.0, 208.0]
[45.0, 586.0, 146.5, 228.0]
[39.0, 610.0, 152.5, 194.0]
[43.0, 688.0, 172.0, 186.0]
[48.0, 654.0, 163.5, 254.0]
[56.0, 700.0, 175.0, 280.0]
[50.0, 702.0, 175.5, 248.0]
[37.0, 594.0, 148.5, 182.0]
[44.0, 568.0, 142.0, 198.0]
[40.0, 650.0, 162.5, 192.0]
[43.0, 666.0, 166.5, 194.0]
[49.0, 618.0, 154.5, 166.0]
[40.0, 588.0, 147.0, 208.0]
[60.0, 628.0, 157.0, 288.0]
[45.0, 616.0, 154.0, 218.0]
[35.0, 614.0, 153.5, 208.0]
[42.0, 634.0, 158.5, 242.0]
[43.0, 650.0, 162.5, 174.0]
[47.0, 660.0, 165.0, 202.0]
[46.0, 604.0, 151.0, 212.0]
[64.0, 712.0, 178.0, 226.0]
[44.0, 560.0, 140.0, 236.0]
[39.0, 564.0, 141.0, 226.0]
[49.0, 568.0, 142.0, 166.0]
[38.0, 512.0, 128.0, 190.0]
[46.0, 608.0, 152.0, 210.0]
[47.0, 688.0, 172.0, 212.0]
[38.0, 582.0, 145.5, 164.0]
[49.0, 594.0, 148.5, 246.0]
[45.0, 624.0, 156.0, 248.0]
[56.0, 664.0, 166.0, 260.0]
[49.0, 686.0, 171.5, 236.0]
[40.0, 602.0, 150.5, 208.0]
[53.0, 730.0, 182.5, 214.0]
[50.0, 672.0, 168.0, 212.0]
[48.0, 596.0, 149.0, 214.0]
[40.0, 584.0, 146.0, 208.0]
[37.0, 598.0, 149.5, 202.0]
[51.0, 668.0, 167.0, 204.0]
[47.0, 662.0, 165.5, 232.0]
[48.0, 636.0, 159.0, 180.0]
[40.0, 600.0, 150.0, 188.0]
[40.0, 562.0, 140.5, 174.0]
[40.0, 626.0, 156.5, 188.0]
[44.0, 654.0, 163.5, 186.0]
[49.0, 654.0, 163.5, 190.0]
[39.0, 620.0, 155.0, 210.0]
[49.0, 670.0, 167.5, 214.0]
[40.0, 618.0, 154.5, 178.0]
[57.0, 646.0, 161.5, 252.0]
[38.0, 580.0, 145.0, 184.0]
[38.0, 630.0, 157.5, 204.0]
[43.0, 662.0, 165.5, 204.0]
[41.0, 616.0, 154.0, 220.0]
[45.0, 618.0, 154.5, 208.0]
[46.0, 648.0, 162.0, 184.0]
[43.0, 646.0, 161.5, 174.0]
[42.0, 576.0, 144.0, 182.0]
[48.0, 630.0, 157.5, 224.0]
[46.0, 616.0, 154.0, 200.0]
[44.0, 692.0, 173.0, 190.0]
[43.0, 598.0, 149.5, 224.0]
[39.0, 612.0, 153.0, 196.0]
[47.0, 642.0, 160.5, 172.0]
[50.0, 672.0, 168.0, 204.0]
[52.0, 662.0, 165.5, 232.0]
[47.0, 614.0, 153.5, 192.0]
[52.0, 644.0, 161.0, 242.0]
[46.0, 626.0, 156.5, 200.0]
[46.0, 668.0, 167.0, 172.0]
[49.0, 644.0, 161.0, 246.0]
[48.0, 582.0, 145.5, 214.0]
[50.0, 646.0, 161.5, 192.0]
[42.0, 612.0, 153.0, 172.0]
[44.0, 636.0, 159.0, 190.0]
[52.0, 712.0, 178.0, 224.0]
[53.0, 628.0, 157.0, 254.0]
[45.0, 684.0, 171.0, 238.0]
[37.0, 594.0, 148.5, 172.0]
[47.0, 666.0, 166.5, 182.0]
[49.0, 584.0, 146.0, 266.0]
[42.0, 640.0, 160.0, 192.0]
[37.0, 600.0, 150.0, 182.0]
[50.0, 588.0, 147.0, 234.0]
[48.0, 656.0, 164.0, 236.0]
[48.0, 606.0, 151.5, 224.0]
[49.0, 574.0, 143.5, 196.0]
[41.0, 580.0, 145.0, 200.0]
[40.0, 614.0, 153.5, 210.0]
[41.0, 602.0, 150.5, 170.0]
[52.0, 662.0, 165.5, 232.0]
[50.0, 678.0, 169.5, 202.0]
[38.0, 610.0, 152.5, 174.0]
[49.0, 636.0, 159.0, 226.0]
[47.0, 642.0, 160.5, 202.0]
[45.0, 658.0, 164.5, 240.0]
[48.0, 662.0, 165.5, 232.0]
[55.0, 624.0, 156.0, 248.0]
[54.0, 640.0, 160.0, 196.0]
[45.0, 634.0, 158.5, 214.0]
[40.0, 616.0, 154.0, 192.0]
[47.0, 612.0, 153.0, 198.0]
[44.0, 648.0, 162.0, 208.0]
[48.0, 640.0, 160.0, 244.0]
[37.0, 612.0, 153.0, 202.0]
[46.0, 670.0, 167.5, 202.0]
[53.0, 640.0, 160.0, 274.0]
[58.0, 654.0, 163.5, 244.0]
[42.0, 640.0, 160.0, 230.0]
[56.0, 684.0, 171.0, 204.0]
[40.0, 686.0, 171.5, 196.0]
[48.0, 574.0, 143.5, 212.0]
[44.0, 578.0, 144.5, 216.0]
[50.0, 682.0, 170.5, 230.0]
[50.0, 650.0, 162.5, 198.0]
[49.0, 678.0, 169.5, 226.0]
[51.0, 712.0, 178.0, 214.0]
[45.0, 626.0, 156.5, 198.0]
[46.0, 672.0, 168.0, 210.0]
[48.0, 688.0, 172.0, 256.0]
[52.0, 652.0, 163.0, 222.0]
[45.0, 640.0, 160.0, 198.0]
[50.0, 664.0, 166.0, 188.0]
[55.0, 582.0, 145.5, 198.0]
[46.0, 684.0, 171.0, 186.0]
[37.0, 546.0, 136.5, 202.0]
[55.0, 696.0, 174.0, 208.0]
[56.0, 636.0, 159.0, 280.0]
[44.0, 594.0, 148.5, 190.0]
[45.0, 618.0, 154.5, 210.0]
[55.0, 640.0, 160.0, 228.0]
[42.0, 632.0, 158.0, 202.0]
[40.0, 608.0, 152.0, 218.0]
[32.0, 526.0, 131.5, 152.0]
[46.0, 676.0, 169.0, 220.0]
[40.0, 620.0, 155.0, 208.0]
[39.0, 632.0, 158.0, 184.0]
[46.0, 664.0, 166.0, 220.0]
[47.0, 560.0, 140.0, 232.0]
[45.0, 596.0, 149.0, 238.0]
[40.0, 632.0, 158.0, 216.0]
[60.0, 666.0, 166.5, 238.0]
[44.0, 590.0, 147.5, 216.0]
[54.0, 676.0, 169.0, 242.0]
[39.0, 642.0, 160.5, 172.0]
[61.0, 676.0, 169.0, 244.0]
[39.0, 600.0, 150.0, 196.0]
[44.0, 542.0, 135.5, 226.0]
[36.0, 612.0, 153.0, 190.0]
[44.0, 670.0, 167.5, 186.0]
[38.0, 632.0, 158.0, 184.0]
[47.0, 654.0, 163.5, 242.0]
[41.0, 642.0, 160.5, 180.0]
[41.0, 594.0, 148.5, 214.0]
[42.0, 624.0, 156.0, 212.0]
[57.0, 684.0, 171.0, 242.0]
[42.0, 628.0, 157.0, 170.0]
[46.0, 688.0, 172.0, 240.0]
[43.0, 650.0, 162.5, 214.0]
[44.0, 628.0, 157.0, 188.0]
[60.0, 708.0, 177.0, 204.0]
[40.0, 650.0, 162.5, 180.0]
[44.0, 600.0, 150.0, 216.0]
[49.0, 578.0, 144.5, 216.0]
[37.0, 572.0, 143.0, 166.0]
[56.0, 612.0, 153.0, 228.0]
[46.0, 654.0, 163.5, 204.0]
[40.0, 588.0, 147.0, 228.0]
[48.0, 622.0, 155.5, 174.0]
[41.0, 664.0, 166.0, 226.0]
[51.0, 644.0, 161.0, 190.0]
[47.0, 628.0, 157.0, 192.0]
[53.0, 674.0, 168.5, 214.0]
[44.0, 610.0, 152.5, 228.0]
[47.0, 660.0, 165.0, 226.0]
[42.0, 620.0, 155.0, 242.0]
[40.0, 588.0, 147.0, 234.0]
[45.0, 582.0, 145.5, 228.0]
[39.0, 578.0, 144.5, 174.0]
[48.0, 704.0, 176.0, 204.0]
[47.0, 664.0, 166.0, 232.0]
[37.0, 638.0, 159.5, 212.0]
[42.0, 600.0, 150.0, 212.0]
[34.0, 534.0, 133.5, 176.0]
[34.0, 602.0, 150.5, 216.0]
[33.0, 580.0, 145.0, 162.0]
[68.0, 630.0, 157.5, 294.0]
[49.0, 690.0, 172.5, 226.0]
[56.0, 638.0, 159.5, 260.0]
[46.0, 642.0, 160.5, 180.0]
[40.0, 648.0, 162.0, 178.0]
[47.0, 652.0, 163.0, 212.0]
[54.0, 674.0, 168.5, 206.0]
[41.0, 578.0, 144.5, 204.0]
[39.0, 618.0, 154.5, 176.0]
[40.0, 592.0, 148.0, 168.0]
[42.0, 650.0, 162.5, 184.0]
[37.0, 554.0, 138.5, 222.0]
[46.0, 600.0, 150.0, 206.0]
[48.0, 584.0, 146.0, 244.0]
[54.0, 668.0, 167.0, 226.0]
[43.0, 574.0, 143.5, 214.0]
[42.0, 606.0, 151.5, 202.0]
[40.0, 640.0, 160.0, 248.0]
[49.0, 658.0, 164.5, 176.0]
[41.0, 622.0, 155.5, 194.0]
[43.0, 600.0, 150.0, 208.0]
[50.0, 620.0, 155.0, 208.0]
[60.0, 632.0, 158.0, 228.0]
[37.0, 612.0, 153.0, 202.0]
[45.0, 610.0, 152.5, 218.0]
[44.0, 626.0, 156.5, 246.0]
[48.0, 636.0, 159.0, 180.0]
[43.0, 626.0, 156.5, 222.0]
[48.0, 628.0, 157.0, 174.0]
[33.0, 554.0, 138.5, 154.0]
[48.0, 648.0, 162.0, 204.0]
[42.0, 664.0, 166.0, 212.0]
[40.0, 602.0, 150.5, 190.0]
[47.0, 634.0, 158.5, 202.0]
[46.0, 670.0, 167.5, 178.0]
[38.0, 630.0, 157.5, 194.0]
[39.0, 578.0, 144.5, 176.0]
[56.0, 674.0, 168.5, 248.0]
[41.0, 606.0, 151.5, 190.0]
[59.0, 550.0, 137.5, 226.0]
[64.0, 688.0, 172.0, 316.0]
[36.0, 608.0, 152.0, 182.0]
[36.0, 608.0, 152.0, 190.0]
[46.0, 614.0, 153.5, 230.0]
[51.0, 664.0, 166.0, 190.0]
[49.0, 676.0, 169.0, 202.0]
[42.0, 570.0, 142.5, 252.0]
[58.0, 654.0, 163.5, 234.0]
[47.0, 568.0, 142.0, 262.0]
[40.0, 552.0, 138.0, 208.0]
[36.0, 602.0, 150.5, 178.0]
[37.0, 548.0, 137.0, 206.0]
[54.0, 654.0, 163.5, 206.0]
[41.0, 610.0, 152.5, 186.0]
[54.0, 714.0, 178.5, 188.0]
[48.0, 596.0, 149.0, 234.0]
[44.0, 634.0, 158.5, 186.0]
[50.0, 666.0, 166.5, 198.0]
[48.0, 636.0, 159.0, 202.0]
[44.0, 616.0, 154.0, 204.0]
[34.0, 610.0, 152.5, 194.0]
[46.0, 694.0, 173.5, 200.0]
[41.0, 620.0, 155.0, 174.0]
[48.0, 680.0, 170.0, 218.0]
[53.0, 668.0, 167.0, 234.0]
[47.0, 562.0, 140.5, 252.0]
[43.0, 664.0, 166.0, 194.0]
[49.0, 668.0, 167.0, 206.0]
[50.0, 658.0, 164.5, 218.0]
[46.0, 602.0, 150.5, 230.0]
[36.0, 558.0, 139.5, 200.0]
[54.0, 726.0, 181.5, 216.0]
[57.0, 622.0, 155.5, 242.0]
[46.0, 638.0, 159.5, 210.0]
[44.0, 690.0, 172.5, 196.0]
[44.0, 636.0, 159.0, 218.0]
[50.0, 668.0, 167.0, 198.0]
[46.0, 594.0, 148.5, 240.0]
[35.0, 572.0, 143.0, 188.0]
[52.0, 670.0, 167.5, 210.0]
[37.0, 624.0, 156.0, 212.0]
[38.0, 614.0, 153.5, 182.0]
[34.0, 554.0, 138.5, 166.0]
[41.0, 630.0, 157.5, 190.0]
[46.0, 680.0, 170.0, 190.0]
[56.0, 656.0, 164.0, 222.0]
[45.0, 640.0, 160.0, 248.0]
[44.0, 654.0, 163.5, 204.0]
[39.0, 616.0, 154.0, 226.0]
[38.0, 570.0, 142.5, 224.0]
[37.0, 556.0, 139.0, 232.0]
[47.0, 634.0, 158.5, 194.0]
[49.0, 554.0, 138.5, 206.0]
[39.0, 616.0, 154.0, 186.0]
[41.0, 572.0, 143.0, 208.0]
[38.0, 600.0, 150.0, 172.0]
[47.0, 624.0, 156.0, 228.0]
[41.0, 568.0, 142.0, 184.0]
[50.0, 652.0, 163.0, 238.0]
[41.0, 622.0, 155.5, 180.0]
[40.0, 578.0, 144.5, 208.0]
[37.0, 610.0, 152.5, 222.0]
[47.0, 574.0, 143.5, 232.0]
[48.0, 614.0, 153.5, 234.0]
[54.0, 636.0, 159.0, 246.0]
[43.0, 622.0, 155.5, 190.0]
[41.0, 622.0, 155.5, 190.0]
[71.0, 662.0, 165.5, 260.0]
[48.0, 622.0, 155.5, 244.0]
[56.0, 700.0, 175.0, 210.0]
[43.0, 642.0, 160.5, 204.0]
[37.0, 620.0, 155.0, 206.0]
[40.0, 502.0, 125.5, 208.0]
[53.0, 626.0, 156.5, 274.0]
[39.0, 658.0, 164.5, 176.0]
[55.0, 716.0, 179.0, 228.0]
[44.0, 662.0, 165.5, 194.0]
[40.0, 602.0, 150.5, 228.0]
[52.0, 622.0, 155.5, 222.0]
[41.0, 584.0, 146.0, 190.0]
[44.0, 660.0, 165.0, 246.0]
[55.0, 728.0, 182.0, 248.0]
[51.0, 640.0, 160.0, 250.0]
[51.0, 630.0, 157.5, 210.0]
[47.0, 696.0, 174.0, 192.0]
[40.0, 630.0, 157.5, 194.0]
[43.0, 674.0, 168.5, 190.0]
[41.0, 674.0, 168.5, 200.0]
[46.0, 640.0, 160.0, 220.0]
[48.0, 552.0, 138.0, 204.0]
[47.0, 580.0, 145.0, 216.0]
[54.0, 706.0, 176.5, 216.0]
[41.0, 612.0, 153.0, 188.0]
[47.0, 678.0, 169.5, 222.0]
[40.0, 636.0, 159.0, 200.0]
[48.0, 700.0, 175.0, 208.0]
[43.0, 598.0, 149.5, 184.0]
[46.0, 710.0, 177.5, 218.0]
[50.0, 614.0, 153.5, 228.0]
[50.0, 624.0, 156.0, 228.0]
[42.0, 666.0, 166.5, 202.0]
[42.0, 592.0, 148.0, 232.0]
[44.0, 586.0, 146.5, 196.0]
[40.0, 574.0, 143.5, 208.0]
[58.0, 670.0, 167.5, 224.0]
[50.0, 654.0, 163.5, 212.0]
[41.0, 630.0, 157.5, 200.0]
[55.0, 726.0, 181.5, 264.0]
[48.0, 574.0, 143.5, 208.0]
[51.0, 660.0, 165.0, 198.0]
[56.0, 708.0, 177.0, 220.0]
[49.0, 714.0, 178.5, 236.0]
[51.0, 638.0, 159.5, 240.0]
[40.0, 624.0, 156.0, 218.0]
[46.0, 636.0, 159.0, 228.0]
[49.0, 648.0, 162.0, 216.0]
[46.0, 668.0, 167.0, 186.0]
[33.0, 554.0, 138.5, 178.0]
[37.0, 608.0, 152.0, 162.0]
[43.0, 646.0, 161.5, 170.0]
[38.0, 594.0, 148.5, 164.0]
[42.0, 640.0, 160.0, 192.0]
[63.0, 538.0, 134.5, 334.0]
[42.0, 650.0, 162.5, 226.0]
[45.0, 620.0, 155.0, 208.0]
[43.0, 674.0, 168.5, 184.0]
[44.0, 522.0, 130.5, 256.0]
[40.0, 590.0, 147.5, 218.0]
[50.0, 694.0, 173.5, 200.0]
[51.0, 638.0, 159.5, 226.0]
[45.0, 608.0, 152.0, 198.0]
[46.0, 672.0, 168.0, 230.0]
[46.0, 568.0, 142.0, 188.0]
[39.0, 592.0, 148.0, 200.0]
[51.0, 626.0, 156.5, 200.0]
[48.0, 652.0, 163.0, 224.0]
[43.0, 614.0, 153.5, 184.0]
[43.0, 664.0, 166.0, 184.0]
[50.0, 612.0, 153.0, 208.0]
[39.0, 600.0, 150.0, 168.0]
[45.0, 624.0, 156.0, 238.0]
[46.0, 624.0, 156.0, 210.0]
[34.0, 580.0, 145.0, 196.0]
[50.0, 624.0, 156.0, 188.0]
[38.0, 646.0, 161.5, 190.0]
[48.0, 672.0, 168.0, 194.0]
[38.0, 598.0, 149.5, 194.0]
[57.0, 670.0, 167.5, 212.0]
[42.0, 646.0, 161.5, 222.0]
[38.0, 590.0, 147.5, 184.0]
[48.0, 662.0, 165.5, 204.0]
[42.0, 550.0, 137.5, 212.0]
[42.0, 652.0, 163.0, 176.0]
[36.0, 526.0, 131.5, 190.0]
[41.0, 550.0, 137.5, 190.0]
[44.0, 684.0, 171.0, 184.0]
[38.0, 572.0, 143.0, 194.0]
[58.0, 704.0, 176.0, 254.0]
[52.0, 712.0, 178.0, 212.0]
[41.0, 582.0, 145.5, 190.0]
[45.0, 642.0, 160.5, 218.0]
[47.0, 560.0, 140.0, 232.0]
[38.0, 614.0, 153.5, 204.0]
[54.0, 676.0, 169.0, 246.0]
[41.0, 596.0, 149.0, 250.0]
[54.0, 642.0, 160.5, 246.0]
[43.0, 648.0, 162.0, 204.0]
[56.0, 682.0, 170.5, 206.0]
[49.0, 658.0, 164.5, 206.0]
[40.0, 578.0, 144.5, 188.0]
[51.0, 668.0, 167.0, 190.0]
[36.0, 604.0, 151.0, 160.0]
[41.0, 570.0, 142.5, 200.0]
[38.0, 598.0, 149.5, 212.0]
[36.0, 576.0, 144.0, 190.0]
[57.0, 716.0, 179.0, 252.0]
[47.0, 592.0, 148.0, 202.0]
[40.0, 612.0, 153.0, 208.0]
[58.0, 672.0, 168.0, 234.0]
[38.0, 594.0, 148.5, 194.0]
[46.0, 650.0, 162.5, 200.0]
[41.0, 578.0, 144.5, 190.0]
[50.0, 636.0, 159.0, 216.0]
[49.0, 616.0, 154.0, 174.0]
[38.0, 542.0, 135.5, 174.0]
[48.0, 638.0, 159.5, 216.0]
[39.0, 634.0, 158.5, 178.0]
[37.0, 622.0, 155.5, 182.0]
[52.0, 668.0, 167.0, 192.0]
[47.0, 636.0, 159.0, 232.0]
[70.0, 664.0, 166.0, 268.0]
[41.0, 610.0, 152.5, 180.0]
[36.0, 578.0, 144.5, 180.0]
[40.0, 560.0, 140.0, 196.0]
[53.0, 690.0, 172.5, 264.0]
[37.0, 600.0, 150.0, 192.0]
[42.0, 580.0, 145.0, 202.0]
[57.0, 668.0, 167.0, 182.0]
[38.0, 596.0, 149.0, 170.0]
[65.0, 612.0, 153.0, 278.0]
[40.0, 644.0, 161.0, 190.0]
[52.0, 660.0, 165.0, 224.0]
[50.0, 650.0, 162.5, 218.0]
[45.0, 628.0, 157.0, 180.0]
[40.0, 584.0, 146.0, 180.0]
[45.0, 618.0, 154.5, 188.0]
[65.0, 630.0, 157.5, 288.0]
[47.0, 644.0, 161.0, 202.0]
[50.0, 626.0, 156.5, 214.0]
[53.0, 700.0, 175.0, 224.0]
[44.0, 626.0, 156.5, 222.0]
[62.0, 688.0, 172.0, 202.0]
[52.0, 682.0, 170.5, 232.0]
[45.0, 598.0, 149.5, 196.0]
[48.0, 674.0, 168.5, 214.0]
[58.0, 682.0, 170.5, 234.0]
[41.0, 676.0, 169.0, 200.0]
[65.0, 660.0, 165.0, 258.0]
[49.0, 670.0, 167.5, 196.0]
[48.0, 624.0, 156.0, 184.0]
[48.0, 696.0, 174.0, 194.0]
[40.0, 600.0, 150.0, 182.0]
[45.0, 664.0, 166.0, 200.0]
[45.0, 610.0, 152.5, 208.0]
[51.0, 602.0, 150.5, 230.0]
[49.0, 570.0, 142.5, 186.0]
[58.0, 688.0, 172.0, 234.0]
[45.0, 622.0, 155.5, 214.0]
[38.0, 614.0, 153.5, 214.0]
[39.0, 608.0, 152.0, 166.0]
[59.0, 636.0, 159.0, 246.0]
[49.0, 602.0, 150.5, 216.0]
[42.0, 614.0, 153.5, 184.0]
[51.0, 678.0, 169.5, 232.0]
[65.0, 728.0, 182.0, 258.0]
[45.0, 630.0, 157.5, 190.0]
[46.0, 602.0, 150.5, 230.0]
[56.0, 646.0, 161.5, 210.0]
[46.0, 652.0, 163.0, 172.0]
[38.0, 552.0, 138.0, 212.0]
[52.0, 658.0, 164.5, 220.0]
[47.0, 612.0, 153.0, 222.0]
[44.0, 592.0, 148.0, 206.0]
[44.0, 682.0, 170.5, 186.0]
[33.0, 566.0, 141.5, 162.0]
[33.0, 586.0, 146.5, 164.0]
[38.0, 632.0, 158.0, 208.0]
[43.0, 684.0, 171.0, 228.0]
[53.0, 708.0, 177.0, 204.0]
[48.0, 644.0, 161.0, 226.0]
[49.0, 612.0, 153.0, 206.0]
[48.0, 606.0, 151.5, 194.0]
[51.0, 688.0, 172.0, 210.0]
[32.0, 540.0, 135.0, 152.0]
[48.0, 642.0, 160.5, 206.0]
[48.0, 676.0, 169.0, 208.0]
[62.0, 674.0, 168.5, 292.0]
[46.0, 668.0, 167.0, 220.0]
[50.0, 634.0, 158.5, 218.0]
[47.0, 654.0, 163.5, 216.0]
[39.0, 600.0, 150.0, 202.0]
[39.0, 620.0, 155.0, 176.0]
[44.0, 552.0, 138.0, 206.0]
[38.0, 524.0, 131.0, 194.0]
[40.0, 586.0, 146.5, 236.0]
[54.0, 706.0, 176.5, 236.0]
[66.0, 662.0, 165.5, 220.0]
[50.0, 626.0, 156.5, 258.0]
[41.0, 642.0, 160.5, 190.0]
[33.0, 576.0, 144.0, 204.0]
[46.0, 674.0, 168.5, 182.0]
[39.0, 616.0, 154.0, 206.0]
[45.0, 620.0, 155.0, 188.0]
[41.0, 608.0, 152.0, 220.0]
[44.0, 606.0, 151.5, 216.0]
[38.0, 578.0, 144.5, 174.0]
[38.0, 598.0, 149.5, 184.0]
[41.0, 652.0, 163.0, 194.0]
[41.0, 614.0, 153.5, 200.0]
[39.0, 616.0, 154.0, 196.0]
[40.0, 622.0, 155.5, 182.0]
[41.0, 660.0, 165.0, 200.0]
[35.0, 580.0, 145.0, 160.0]
[46.0, 660.0, 165.0, 198.0]
[44.0, 638.0, 159.5, 186.0]
[37.0, 592.0, 148.0, 178.0]
[40.0, 660.0, 165.0, 198.0]
[49.0, 598.0, 149.5, 236.0]
[41.0, 604.0, 151.0, 186.0]
[54.0, 564.0, 141.0, 266.0]
[48.0, 624.0, 156.0, 224.0]
[46.0, 614.0, 153.5, 234.0]
[41.0, 596.0, 149.0, 186.0]
[49.0, 644.0, 161.0, 236.0]
[37.0, 590.0, 147.5, 182.0]
[40.0, 630.0, 157.5, 198.0]
[43.0, 672.0, 168.0, 244.0]
[38.0, 578.0, 144.5, 214.0]
[45.0, 628.0, 157.0, 208.0]
[50.0, 682.0, 170.5, 246.0]
[69.0, 702.0, 175.5, 216.0]
[43.0, 664.0, 166.0, 226.0]
[38.0, 620.0, 155.0, 192.0]
[49.0, 686.0, 171.5, 208.0]
[54.0, 680.0, 170.0, 236.0]
[42.0, 592.0, 148.0, 192.0]
[48.0, 654.0, 163.5, 224.0]
[40.0, 580.0, 145.0, 168.0]
[51.0, 642.0, 160.5, 240.0]
[43.0, 630.0, 157.5, 224.0]
[46.0, 646.0, 161.5, 214.0]
[53.0, 738.0, 184.5, 214.0]
[41.0, 632.0, 158.0, 180.0]
[52.0, 654.0, 163.5, 222.0]
[45.0, 718.0, 179.5, 218.0]
[56.0, 632.0, 158.0, 240.0]
[54.0, 676.0, 169.0, 216.0]
[43.0, 622.0, 155.5, 202.0]
[54.0, 578.0, 144.5, 236.0]
[37.0, 588.0, 147.0, 162.0]
[47.0, 668.0, 167.0, 222.0]
[49.0, 702.0, 175.5, 216.0]
[50.0, 650.0, 162.5, 228.0]
[51.0, 632.0, 158.0, 210.0]
[46.0, 656.0, 164.0, 270.0]
[46.0, 674.0, 168.5, 220.0]
[56.0, 750.0, 187.5, 230.0]
[44.0, 646.0, 161.5, 212.0]
[53.0, 662.0, 165.5, 244.0]
[46.0, 632.0, 158.0, 182.0]
[35.0, 602.0, 150.5, 198.0]
[49.0, 668.0, 167.0, 226.0]
[46.0, 622.0, 155.5, 220.0]
[39.0, 610.0, 152.5, 216.0]
[52.0, 654.0, 163.5, 232.0]
[46.0, 642.0, 160.5, 200.0]
[55.0, 666.0, 166.5, 198.0]
[48.0, 614.0, 153.5, 196.0]
[53.0, 656.0, 164.0, 244.0]
[48.0, 634.0, 158.5, 204.0]
[51.0, 646.0, 161.5, 200.0]
[48.0, 650.0, 162.5, 174.0]
[48.0, 696.0, 174.0, 192.0]
[52.0, 626.0, 156.5, 232.0]
[48.0, 602.0, 150.5, 254.0]
[54.0, 630.0, 157.5, 206.0]
[54.0, 718.0, 179.5, 214.0]
[55.0, 634.0, 158.5, 218.0]
[52.0, 704.0, 176.0, 212.0]
[48.0, 648.0, 162.0, 194.0]
[49.0, 700.0, 175.0, 210.0]
[45.0, 610.0, 152.5, 182.0]
[35.0, 548.0, 137.0, 198.0]
[49.0, 620.0, 155.0, 200.0]
[60.0, 704.0, 176.0, 228.0]
[44.0, 630.0, 157.5, 256.0]
[46.0, 638.0, 159.5, 210.0]
[55.0, 610.0, 152.5, 218.0]
[44.0, 616.0, 154.0, 240.0]
[43.0, 658.0, 164.5, 210.0]
[44.0, 656.0, 164.0, 226.0]
[50.0, 676.0, 169.0, 238.0]
[46.0, 672.0, 168.0, 224.0]
[40.0, 556.0, 139.0, 228.0]
[48.0, 670.0, 167.5, 186.0]
[42.0, 624.0, 156.0, 200.0]
[66.0, 698.0, 174.5, 250.0]
[47.0, 648.0, 162.0, 202.0]
[40.0, 616.0, 154.0, 196.0]
[38.0, 582.0, 145.5, 202.0]
[38.0, 610.0, 152.5, 204.0]
[43.0, 630.0, 157.5, 224.0]
[40.0, 606.0, 151.5, 218.0]
[49.0, 676.0, 169.0, 216.0]
[60.0, 624.0, 156.0, 248.0]
[48.0, 604.0, 151.0, 234.0]
[39.0, 610.0, 152.5, 196.0]
[47.0, 600.0, 150.0, 212.0]
[48.0, 680.0, 170.0, 176.0]
[57.0, 632.0, 158.0, 182.0]
[42.0, 620.0, 155.0, 198.0]
[49.0, 668.0, 167.0, 266.0]
[40.0, 614.0, 153.5, 218.0]
[42.0, 562.0, 140.5, 242.0]
[47.0, 590.0, 147.5, 212.0]
[45.0, 634.0, 158.5, 228.0]
[58.0, 616.0, 154.0, 254.0]
[47.0, 608.0, 152.0, 192.0]
[45.0, 662.0, 165.5, 208.0]
[50.0, 590.0, 147.5, 218.0]
[43.0, 648.0, 162.0, 188.0]
[46.0, 646.0, 161.5, 240.0]
[45.0, 560.0, 140.0, 198.0]
[49.0, 714.0, 178.5, 232.0]
[39.0, 624.0, 156.0, 196.0]
[38.0, 550.0, 137.5, 214.0]
[38.0, 620.0, 155.0, 184.0]
[40.0, 620.0, 155.0, 170.0]
[52.0, 706.0, 176.5, 222.0]
[50.0, 668.0, 167.0, 198.0]
[47.0, 572.0, 143.0, 212.0]
[41.0, 598.0, 149.5, 224.0]
[57.0, 600.0, 150.0, 252.0]
[44.0, 634.0, 158.5, 202.0]
[45.0, 652.0, 163.0, 216.0]
[49.0, 652.0, 163.0, 206.0]
[47.0, 610.0, 152.5, 216.0]
[50.0, 618.0, 154.5, 210.0]
[42.0, 636.0, 159.0, 212.0]
[40.0, 606.0, 151.5, 178.0]
[49.0, 666.0, 166.5, 220.0]
[45.0, 658.0, 164.5, 208.0]
[38.0, 620.0, 155.0, 168.0]
[48.0, 654.0, 163.5, 194.0]
[38.0, 592.0, 148.0, 154.0]
[51.0, 638.0, 159.5, 212.0]
[52.0, 616.0, 154.0, 202.0]
[50.0, 600.0, 150.0, 258.0]
[46.0, 616.0, 154.0, 186.0]
[38.0, 598.0, 149.5, 224.0]
[43.0, 630.0, 157.5, 188.0]
[54.0, 654.0, 163.5, 226.0]
[57.0, 628.0, 157.0, 232.0]
[37.0, 568.0, 142.0, 192.0]
[35.0, 588.0, 147.0, 174.0]
[47.0, 636.0, 159.0, 252.0]
[48.0, 620.0, 155.0, 204.0]
[47.0, 622.0, 155.5, 262.0]
[44.0, 644.0, 161.0, 216.0]
[40.0, 586.0, 146.5, 174.0]
[52.0, 752.0, 188.0, 242.0]
[54.0, 634.0, 158.5, 200.0]
[40.0, 616.0, 154.0, 178.0]
[37.0, 622.0, 155.5, 202.0]
[40.0, 548.0, 137.0, 154.0]
[38.0, 606.0, 151.5, 204.0]
[47.0, 626.0, 156.5, 222.0]
[48.0, 660.0, 165.0, 224.0]
[54.0, 706.0, 176.5, 256.0]
[49.0, 614.0, 153.5, 216.0]
[47.0, 666.0, 166.5, 190.0]
[57.0, 646.0, 161.5, 222.0]
[39.0, 582.0, 145.5, 206.0]
[56.0, 668.0, 167.0, 212.0]
[42.0, 582.0, 145.5, 212.0]
[47.0, 642.0, 160.5, 222.0]
[58.0, 680.0, 170.0, 224.0]
[53.0, 626.0, 156.5, 214.0]
[59.0, 698.0, 174.5, 276.0]
[47.0, 584.0, 146.0, 202.0]
[54.0, 592.0, 148.0, 218.0]
[47.0, 626.0, 156.5, 192.0]
[35.0, 630.0, 157.5, 186.0]
[42.0, 604.0, 151.0, 192.0]
[35.0, 560.0, 140.0, 218.0]
[44.0, 640.0, 160.0, 216.0]
[43.0, 650.0, 162.5, 212.0]
[41.0, 612.0, 153.0, 200.0]
[41.0, 544.0, 136.0, 162.0]
[44.0, 630.0, 157.5, 206.0]
[40.0, 634.0, 158.5, 188.0]
[45.0, 596.0, 149.0, 186.0]
[47.0, 618.0, 154.5, 186.0]
[50.0, 668.0, 167.0, 218.0]
[43.0, 610.0, 152.5, 206.0]
[64.0, 670.0, 167.5, 226.0]
[38.0, 580.0, 145.0, 194.0]
[45.0, 664.0, 166.0, 186.0]
[51.0, 622.0, 155.5, 216.0]
[39.0, 634.0, 158.5, 186.0]
[47.0, 614.0, 153.5, 238.0]
[47.0, 684.0, 171.0, 182.0]
[55.0, 550.0, 137.5, 258.0]
[49.0, 684.0, 171.0, 236.0]
[45.0, 614.0, 153.5, 228.0]
[52.0, 626.0, 156.5, 212.0]
[51.0, 704.0, 176.0, 204.0]
[56.0, 666.0, 166.5, 230.0]
[50.0, 610.0, 152.5, 188.0]
[38.0, 634.0, 158.5, 204.0]
[44.0, 648.0, 162.0, 236.0]
[46.0, 644.0, 161.0, 190.0]
[45.0, 682.0, 170.5, 244.0]
[45.0, 630.0, 157.5, 218.0]
[53.0, 676.0, 169.0, 224.0]
[53.0, 644.0, 161.0, 194.0]
[42.0, 608.0, 152.0, 172.0]
[47.0, 602.0, 150.5, 252.0]
[41.0, 624.0, 156.0, 176.0]
[41.0, 626.0, 156.5, 178.0]
[38.0, 554.0, 138.5, 234.0]
[60.0, 718.0, 179.5, 198.0]
[48.0, 672.0, 168.0, 214.0]
[42.0, 564.0, 141.0, 202.0]
[40.0, 658.0, 164.5, 192.0]
[53.0, 672.0, 168.0, 204.0]
[46.0, 710.0, 177.5, 202.0]
[56.0, 740.0, 185.0, 210.0]
[41.0, 602.0, 150.5, 220.0]
[40.0, 602.0, 150.5, 234.0]
[40.0, 656.0, 164.0, 182.0]
[47.0, 624.0, 156.0, 172.0]
[46.0, 606.0, 151.5, 212.0]
[54.0, 736.0, 184.0, 226.0]
[49.0, 676.0, 169.0, 204.0]
[42.0, 690.0, 172.5, 232.0]
[40.0, 620.0, 155.0, 228.0]
[42.0, 622.0, 155.5, 182.0]
[46.0, 680.0, 170.0, 196.0]
[49.0, 650.0, 162.5, 194.0]
[45.0, 622.0, 155.5, 260.0]
[42.0, 650.0, 162.5, 212.0]
[52.0, 604.0, 151.0, 272.0]
[41.0, 604.0, 151.0, 178.0]
[48.0, 710.0, 177.5, 194.0]
[60.0, 646.0, 161.5, 198.0]
[36.0, 590.0, 147.5, 226.0]
[47.0, 694.0, 173.5, 236.0]
[49.0, 600.0, 150.0, 196.0]
[41.0, 584.0, 146.0, 220.0]
[38.0, 600.0, 150.0, 188.0]
[44.0, 656.0, 164.0, 200.0]
[48.0, 668.0, 167.0, 242.0]
[43.0, 644.0, 161.0, 194.0]
[45.0, 628.0, 157.0, 222.0]
[51.0, 670.0, 167.5, 230.0]
[54.0, 648.0, 162.0, 226.0]
[49.0, 658.0, 164.5, 226.0]
[42.0, 650.0, 162.5, 208.0]
[40.0, 596.0, 149.0, 208.0]
[41.0, 624.0, 156.0, 210.0]
[34.0, 574.0, 143.5, 176.0]
[41.0, 602.0, 150.5, 210.0]
[41.0, 588.0, 147.0, 234.0]
[42.0, 648.0, 162.0, 190.0]
[45.0, 664.0, 166.0, 208.0]
[53.0, 646.0, 161.5, 264.0]
[48.0, 632.0, 158.0, 194.0]
[42.0, 620.0, 155.0, 212.0]
[58.0, 702.0, 175.5, 224.0]
[53.0, 640.0, 160.0, 264.0]
[48.0, 634.0, 158.5, 194.0]
[53.0, 616.0, 154.0, 204.0]
[44.0, 672.0, 168.0, 216.0]
[53.0, 652.0, 163.0, 184.0]
[41.0, 566.0, 141.5, 212.0]
[47.0, 596.0, 149.0, 222.0]
[36.0, 588.0, 147.0, 240.0]
[44.0, 592.0, 148.0, 220.0]
[51.0, 634.0, 158.5, 200.0]
[47.0, 612.0, 153.0, 232.0]
[47.0, 602.0, 150.5, 180.0]
[40.0, 608.0, 152.0, 190.0]
[47.0, 668.0, 167.0, 202.0]
[50.0, 662.0, 165.5, 198.0]
[51.0, 652.0, 163.0, 200.0]
[36.0, 590.0, 147.5, 200.0]
[41.0, 642.0, 160.5, 210.0]
[56.0, 724.0, 181.0, 210.0]
[61.0, 664.0, 166.0, 240.0]
[36.0, 600.0, 150.0, 200.0]
[51.0, 672.0, 168.0, 188.0]
[66.0, 672.0, 168.0, 240.0]
[46.0, 618.0, 154.5, 230.0]
[40.0, 620.0, 155.0, 212.0]
[46.0, 642.0, 160.5, 182.0]
[45.0, 598.0, 149.5, 186.0]
[56.0, 654.0, 163.5, 290.0]
[39.0, 594.0, 148.5, 202.0]
[54.0, 614.0, 153.5, 236.0]
[59.0, 670.0, 167.5, 206.0]
[41.0, 602.0, 150.5, 240.0]
[40.0, 606.0, 151.5, 214.0]
[54.0, 702.0, 175.5, 226.0]
[50.0, 622.0, 155.5, 204.0]
[45.0, 644.0, 161.0, 198.0]
[54.0, 670.0, 167.5, 198.0]
[35.0, 592.0, 148.0, 218.0]
[44.0, 588.0, 147.0, 216.0]
[51.0, 620.0, 155.0, 230.0]
[54.0, 692.0, 173.0, 216.0]
[41.0, 652.0, 163.0, 220.0]
[42.0, 586.0, 146.5, 184.0]
[39.0, 606.0, 151.5, 234.0]
[60.0, 632.0, 158.0, 268.0]
[47.0, 674.0, 168.5, 228.0]
[61.0, 594.0, 148.5, 250.0]
[47.0, 618.0, 154.5, 202.0]
[54.0, 646.0, 161.5, 226.0]
[48.0, 624.0, 156.0, 210.0]
[52.0, 648.0, 162.0, 202.0]
[51.0, 680.0, 170.0, 194.0]
[39.0, 636.0, 159.0, 226.0]
[42.0, 674.0, 168.5, 188.0]
[41.0, 554.0, 138.5, 220.0]
[47.0, 610.0, 152.5, 222.0]
[47.0, 596.0, 149.0, 192.0]
[48.0, 642.0, 160.5, 240.0]
[46.0, 648.0, 162.0, 240.0]
[36.0, 598.0, 149.5, 168.0]
[45.0, 614.0, 153.5, 188.0]
[39.0, 630.0, 157.5, 206.0]
[41.0, 592.0, 148.0, 230.0]
[40.0, 544.0, 136.0, 178.0]
[41.0, 636.0, 159.0, 190.0]
[52.0, 726.0, 181.5, 254.0]
[43.0, 628.0, 157.0, 230.0]
[46.0, 648.0, 162.0, 180.0]
[47.0, 572.0, 143.0, 232.0]
[44.0, 544.0, 136.0, 216.0]
[57.0, 674.0, 168.5, 212.0]
[38.0, 610.0, 152.5, 204.0]
[43.0, 544.0, 136.0, 194.0]
[39.0, 604.0, 151.0, 196.0]
[50.0, 662.0, 165.5, 218.0]
[38.0, 624.0, 156.0, 224.0]
[42.0, 650.0, 162.5, 232.0]
[48.0, 632.0, 158.0, 232.0]
[40.0, 580.0, 145.0, 188.0]
[44.0, 644.0, 161.0, 206.0]
[46.0, 638.0, 159.5, 244.0]
[49.0, 688.0, 172.0, 226.0]
[44.0, 640.0, 160.0, 226.0]
[51.0, 704.0, 176.0, 216.0]
[49.0, 670.0, 167.5, 216.0]
[49.0, 626.0, 156.5, 206.0]
[41.0, 602.0, 150.5, 210.0]
[45.0, 678.0, 169.5, 208.0]
[51.0, 632.0, 158.0, 240.0]
[50.0, 670.0, 167.5, 248.0]
[42.0, 568.0, 142.0, 182.0]
[38.0, 576.0, 144.0, 188.0]
[41.0, 614.0, 153.5, 230.0]
[52.0, 632.0, 158.0, 270.0]
[42.0, 562.0, 140.5, 220.0]
[51.0, 610.0, 152.5, 240.0]
[50.0, 682.0, 170.5, 218.0]
[51.0, 648.0, 162.0, 200.0]
[44.0, 662.0, 165.5, 206.0]
[56.0, 620.0, 155.0, 230.0]
[51.0, 746.0, 186.5, 230.0]
[45.0, 582.0, 145.5, 228.0]
[56.0, 714.0, 178.5, 236.0]
[54.0, 728.0, 182.0, 210.0]
[61.0, 672.0, 168.0, 230.0]
[40.0, 590.0, 147.5, 218.0]
[49.0, 660.0, 165.0, 236.0]
[41.0, 552.0, 138.0, 240.0]
[53.0, 692.0, 173.0, 186.0]
[42.0, 590.0, 147.5, 192.0]
[51.0, 662.0, 165.5, 230.0]
[39.0, 590.0, 147.5, 186.0]
[33.0, 578.0, 144.5, 184.0]
[48.0, 650.0, 162.5, 224.0]
[45.0, 652.0, 163.0, 238.0]
[43.0, 644.0, 161.0, 184.0]
[47.0, 668.0, 167.0, 192.0]
[44.0, 658.0, 164.5, 216.0]
[39.0, 538.0, 134.5, 196.0]
[51.0, 622.0, 155.5, 230.0]
[39.0, 628.0, 157.0, 196.0]
[34.0, 570.0, 142.5, 166.0]
[40.0, 552.0, 138.0, 216.0]
[40.0, 652.0, 163.0, 216.0]
[51.0, 600.0, 150.0, 238.0]
[41.0, 624.0, 156.0, 206.0]
[46.0, 604.0, 151.0, 180.0]
[52.0, 628.0, 157.0, 262.0]
[47.0, 594.0, 148.5, 202.0]
[48.0, 690.0, 172.5, 234.0]
[58.0, 684.0, 171.0, 244.0]
[46.0, 606.0, 151.5, 240.0]
[47.0, 596.0, 149.0, 202.0]
[38.0, 580.0, 145.0, 194.0]
[64.0, 616.0, 154.0, 236.0]
[36.0, 622.0, 155.5, 188.0]
[38.0, 594.0, 148.5, 178.0]
[44.0, 632.0, 158.0, 226.0]
[42.0, 652.0, 163.0, 220.0]
[46.0, 668.0, 167.0, 190.0]
[46.0, 684.0, 171.0, 230.0]
[46.0, 602.0, 150.5, 210.0]
[51.0, 670.0, 167.5, 230.0]
[52.0, 610.0, 152.5, 242.0]
[41.0, 556.0, 139.0, 220.0]
[50.0, 626.0, 156.5, 208.0]
[48.0, 652.0, 163.0, 210.0]
[45.0, 620.0, 155.0, 238.0]
[36.0, 600.0, 150.0, 182.0]
[42.0, 648.0, 162.0, 222.0]
[45.0, 692.0, 173.0, 208.0]
[41.0, 602.0, 150.5, 180.0]
[39.0, 648.0, 162.0, 176.0]
[61.0, 694.0, 173.5, 240.0]
[63.0, 712.0, 178.0, 244.0]
[48.0, 592.0, 148.0, 208.0]
[43.0, 632.0, 158.0, 204.0]
[53.0, 596.0, 149.0, 254.0]
[40.0, 538.0, 134.5, 228.0]
[53.0, 712.0, 178.0, 254.0]
[39.0, 602.0, 150.5, 194.0]
[41.0, 558.0, 139.5, 180.0]
[58.0, 660.0, 165.0, 234.0]
[64.0, 678.0, 169.5, 246.0]
[41.0, 618.0, 154.5, 196.0]
[40.0, 576.0, 144.0, 188.0]
[48.0, 616.0, 154.0, 190.0]
[41.0, 614.0, 153.5, 204.0]
[39.0, 604.0, 151.0, 178.0]
[50.0, 618.0, 154.5, 188.0]
[53.0, 688.0, 172.0, 234.0]
[45.0, 654.0, 163.5, 204.0]
[50.0, 716.0, 179.0, 218.0]
[48.0, 686.0, 171.5, 214.0]
[49.0, 658.0, 164.5, 216.0]
[42.0, 626.0, 156.5, 236.0]
[52.0, 644.0, 161.0, 252.0]
[45.0, 636.0, 159.0, 208.0]
[45.0, 636.0, 159.0, 218.0]
[53.0, 660.0, 165.0, 184.0]
[50.0, 646.0, 161.5, 198.0]
[53.0, 672.0, 168.0, 220.0]
[53.0, 708.0, 177.0, 204.0]
[49.0, 638.0, 159.5, 226.0]
[46.0, 652.0, 163.0, 198.0]
[39.0, 622.0, 155.5, 196.0]
[58.0, 618.0, 154.5, 204.0]
[60.0, 658.0, 164.5, 280.0]
[49.0, 664.0, 166.0, 196.0]
[34.0, 560.0, 140.0, 186.0]
[48.0, 624.0, 156.0, 224.0]
[51.0, 618.0, 154.5, 212.0]
[55.0, 706.0, 176.5, 238.0]
[40.0, 604.0, 151.0, 188.0]
[43.0, 564.0, 141.0, 254.0]
[50.0, 644.0, 161.0, 236.0]
[50.0, 708.0, 177.0, 218.0]
[56.0, 682.0, 170.5, 198.0]
[45.0, 586.0, 146.5, 214.0]
[38.0, 636.0, 159.0, 190.0]
[47.0, 670.0, 167.5, 212.0]
[63.0, 622.0, 155.5, 200.0]
[39.0, 656.0, 164.0, 196.0]
[48.0, 644.0, 161.0, 214.0]
[42.0, 686.0, 171.5, 196.0]
[46.0, 606.0, 151.5, 210.0]
[42.0, 636.0, 159.0, 222.0]
[45.0, 596.0, 149.0, 228.0]
[40.0, 656.0, 164.0, 198.0]
[33.0, 574.0, 143.5, 170.0]
[42.0, 622.0, 155.5, 200.0]
[49.0, 648.0, 162.0, 220.0]
[36.0, 586.0, 146.5, 180.0]
[58.0, 728.0, 182.0, 214.0]
[59.0, 704.0, 176.0, 218.0]
[55.0, 622.0, 155.5, 258.0]
[48.0, 694.0, 173.5, 194.0]
[35.0, 588.0, 147.0, 168.0]
[52.0, 616.0, 154.0, 184.0]
[50.0, 528.0, 132.0, 238.0]
[55.0, 674.0, 168.5, 238.0]
[42.0, 566.0, 141.5, 272.0]
[43.0, 630.0, 157.5, 194.0]
[54.0, 598.0, 149.5, 216.0]
[52.0, 606.0, 151.5, 202.0]
[48.0, 574.0, 143.5, 204.0]
[34.0, 600.0, 150.0, 184.0]
[45.0, 598.0, 149.5, 218.0]
[46.0, 652.0, 163.0, 184.0]
[38.0, 622.0, 155.5, 184.0]
[36.0, 556.0, 139.0, 174.0]
[52.0, 720.0, 180.0, 226.0]
[52.0, 654.0, 163.5, 242.0]
[54.0, 712.0, 178.0, 276.0]
[51.0, 674.0, 168.5, 230.0]
[41.0, 568.0, 142.0, 240.0]
[44.0, 630.0, 157.5, 198.0]
[45.0, 672.0, 168.0, 180.0]
[36.0, 608.0, 152.0, 184.0]
[49.0, 592.0, 148.0, 208.0]
[44.0, 684.0, 171.0, 236.0]
[50.0, 630.0, 157.5, 248.0]
[52.0, 650.0, 162.5, 202.0]
[46.0, 602.0, 150.5, 260.0]
[42.0, 598.0, 149.5, 222.0]
[40.0, 634.0, 158.5, 176.0]
[41.0, 646.0, 161.5, 210.0]
[41.0, 612.0, 153.0, 178.0]
[46.0, 616.0, 154.0, 190.0]
[44.0, 608.0, 152.0, 220.0]
[47.0, 620.0, 155.0, 202.0]
[38.0, 558.0, 139.5, 180.0]
[45.0, 650.0, 162.5, 194.0]
[45.0, 666.0, 166.5, 198.0]
[52.0, 664.0, 166.0, 212.0]
[34.0, 606.0, 151.5, 166.0]
[48.0, 652.0, 163.0, 194.0]
[48.0, 684.0, 171.0, 204.0]
[41.0, 626.0, 156.5, 190.0]
[44.0, 614.0, 153.5, 216.0]
[37.0, 582.0, 145.5, 158.0]
[64.0, 716.0, 179.0, 256.0]
[52.0, 642.0, 160.5, 220.0]
[48.0, 636.0, 159.0, 214.0]
[43.0, 608.0, 152.0, 244.0]
[48.0, 612.0, 153.0, 200.0]
[52.0, 650.0, 162.5, 222.0]
[42.0, 540.0, 135.0, 186.0]
[40.0, 598.0, 149.5, 186.0]
[43.0, 592.0, 148.0, 204.0]
[61.0, 744.0, 186.0, 250.0]
[54.0, 690.0, 172.5, 206.0]
[36.0, 600.0, 150.0, 200.0]
[51.0, 718.0, 179.5, 206.0]
[39.0, 576.0, 144.0, 156.0]
[42.0, 614.0, 153.5, 262.0]
[44.0, 624.0, 156.0, 196.0]
[51.0, 640.0, 160.0, 200.0]
[40.0, 626.0, 156.5, 188.0]
[53.0, 610.0, 152.5, 244.0]
[42.0, 650.0, 162.5, 182.0]
[50.0, 660.0, 165.0, 216.0]
[50.0, 670.0, 167.5, 198.0]
[44.0, 648.0, 162.0, 196.0]
[50.0, 598.0, 149.5, 228.0]
[41.0, 634.0, 158.5, 210.0]
[36.0, 568.0, 142.0, 210.0]
[39.0, 638.0, 159.5, 176.0]
[52.0, 622.0, 155.5, 212.0]
[47.0, 654.0, 163.5, 252.0]
[45.0, 634.0, 158.5, 218.0]
[39.0, 596.0, 149.0, 192.0]
[44.0, 620.0, 155.0, 194.0]
[50.0, 674.0, 168.5, 248.0]
[48.0, 598.0, 149.5, 194.0]
[42.0, 586.0, 146.5, 172.0]
[46.0, 606.0, 151.5, 202.0]
[56.0, 628.0, 157.0, 210.0]
[52.0, 660.0, 165.0, 212.0]
[47.0, 642.0, 160.5, 206.0]
[39.0, 530.0, 132.5, 226.0]
[56.0, 692.0, 173.0, 210.0]
[43.0, 700.0, 175.0, 218.0]
[49.0, 646.0, 161.5, 198.0]
[46.0, 666.0, 166.5, 176.0]
[40.0, 598.0, 149.5, 178.0]
[45.0, 672.0, 168.0, 214.0]
[41.0, 562.0, 140.5, 188.0]
[52.0, 668.0, 167.0, 222.0]
[47.0, 682.0, 170.5, 212.0]
[42.0, 586.0, 146.5, 172.0]
[41.0, 536.0, 134.0, 188.0]
[52.0, 640.0, 160.0, 222.0]
[40.0, 662.0, 165.5, 198.0]
[37.0, 566.0, 141.5, 222.0]
[42.0, 654.0, 163.5, 222.0]
[52.0, 630.0, 157.5, 222.0]
[39.0, 552.0, 138.0, 178.0]
[45.0, 696.0, 174.0, 188.0]
[50.0, 670.0, 167.5, 248.0]
[40.0, 612.0, 153.0, 208.0]
[53.0, 696.0, 174.0, 204.0]
[42.0, 644.0, 161.0, 232.0]
[43.0, 670.0, 167.5, 234.0]
[50.0, 610.0, 152.5, 238.0]
[56.0, 636.0, 159.0, 240.0]
[41.0, 628.0, 157.0, 170.0]
[39.0, 536.0, 134.0, 232.0]
[53.0, 592.0, 148.0, 244.0]
[49.0, 640.0, 160.0, 212.0]
[53.0, 640.0, 160.0, 244.0]
[43.0, 656.0, 164.0, 220.0]
[48.0, 624.0, 156.0, 214.0]
[38.0, 616.0, 154.0, 194.0]
[38.0, 634.0, 158.5, 184.0]
[49.0, 654.0, 163.5, 236.0]
[41.0, 650.0, 162.5, 200.0]
[41.0, 578.0, 144.5, 270.0]
[43.0, 658.0, 164.5, 208.0]
[38.0, 574.0, 143.5, 176.0]
[47.0, 638.0, 159.5, 252.0]
[51.0, 654.0, 163.5, 270.0]
[51.0, 622.0, 155.5, 240.0]
[50.0, 646.0, 161.5, 198.0]
[49.0, 614.0, 153.5, 186.0]
[48.0, 714.0, 178.5, 206.0]
[38.0, 642.0, 160.5, 184.0]
[47.0, 678.0, 169.5, 232.0]
[42.0, 550.0, 137.5, 192.0]
[34.0, 616.0, 154.0, 196.0]
[49.0, 606.0, 151.5, 236.0]
[46.0, 664.0, 166.0, 202.0]
[49.0, 626.0, 156.5, 186.0]
[39.0, 604.0, 151.0, 188.0]
[43.0, 624.0, 156.0, 208.0]
[51.0, 586.0, 146.5, 250.0]
[55.0, 760.0, 190.0, 226.0]
[47.0, 664.0, 166.0, 232.0]
[41.0, 620.0, 155.0, 198.0]
[42.0, 656.0, 164.0, 200.0]
[51.0, 606.0, 151.5, 200.0]
[46.0, 644.0, 161.0, 178.0]
[38.0, 630.0, 157.5, 174.0]
[46.0, 662.0, 165.5, 200.0]
[49.0, 656.0, 164.0, 188.0]
[38.0, 618.0, 154.5, 182.0]
[43.0, 632.0, 158.0, 232.0]
[39.0, 626.0, 156.5, 228.0]
[47.0, 658.0, 164.5, 232.0]
[38.0, 598.0, 149.5, 200.0]
[50.0, 584.0, 146.0, 228.0]
[37.0, 604.0, 151.0, 208.0]
[47.0, 658.0, 164.5, 222.0]
[37.0, 624.0, 156.0, 192.0]
[46.0, 690.0, 172.5, 200.0]
[45.0, 668.0, 167.0, 254.0]
[48.0, 650.0, 162.5, 214.0]
[49.0, 658.0, 164.5, 214.0]
[40.0, 630.0, 157.5, 234.0]
[42.0, 628.0, 157.0, 182.0]
[49.0, 670.0, 167.5, 214.0]
[45.0, 662.0, 165.5, 190.0]
[54.0, 670.0, 167.5, 196.0]
[44.0, 570.0, 142.5, 234.0]
[41.0, 650.0, 162.5, 202.0]
[46.0, 640.0, 160.0, 184.0]
[42.0, 618.0, 154.5, 220.0]
[37.0, 618.0, 154.5, 212.0]
[51.0, 578.0, 144.5, 220.0]
[48.0, 634.0, 158.5, 264.0]
[37.0, 620.0, 155.0, 182.0]
[47.0, 662.0, 165.5, 222.0]
[41.0, 548.0, 137.0, 240.0]
[30.0, 564.0, 141.0, 178.0]
[50.0, 624.0, 156.0, 198.0]
[48.0, 682.0, 170.5, 224.0]
[50.0, 642.0, 160.5, 248.0]
[50.0, 598.0, 149.5, 208.0]
[52.0, 680.0, 170.0, 242.0]
[45.0, 602.0, 150.5, 228.0]
[41.0, 602.0, 150.5, 190.0]
[39.0, 618.0, 154.5, 196.0]
[39.0, 612.0, 153.0, 212.0]
[47.0, 684.0, 171.0, 212.0]
[43.0, 632.0, 158.0, 220.0]
[40.0, 538.0, 134.5, 190.0]
[49.0, 654.0, 163.5, 256.0]
[44.0, 630.0, 157.5, 220.0]
[46.0, 596.0, 149.0, 190.0]
[70.0, 712.0, 178.0, 268.0]
[46.0, 664.0, 166.0, 206.0]
[43.0, 616.0, 154.0, 198.0]
[46.0, 668.0, 167.0, 200.0]
[36.0, 538.0, 134.5, 190.0]
[46.0, 582.0, 145.5, 184.0]
[51.0, 698.0, 174.5, 220.0]
[44.0, 636.0, 159.0, 176.0]
[47.0, 614.0, 153.5, 202.0]
[44.0, 622.0, 155.5, 176.0]
[50.0, 636.0, 159.0, 278.0]
[46.0, 656.0, 164.0, 210.0]
[48.0, 584.0, 146.0, 254.0]
[47.0, 592.0, 148.0, 232.0]
[43.0, 632.0, 158.0, 184.0]
[52.0, 658.0, 164.5, 212.0]
[53.0, 678.0, 169.5, 214.0]
[40.0, 630.0, 157.5, 218.0]
[46.0, 614.0, 153.5, 210.0]
[37.0, 628.0, 157.0, 188.0]
[47.0, 624.0, 156.0, 202.0]
[53.0, 664.0, 166.0, 204.0]
[45.0, 560.0, 140.0, 238.0]
[39.0, 654.0, 163.5, 206.0]
[49.0, 682.0, 170.5, 196.0]
[53.0, 640.0, 160.0, 204.0]
[59.0, 622.0, 155.5, 246.0]
[39.0, 634.0, 158.5, 206.0]
[42.0, 620.0, 155.0, 202.0]
[43.0, 602.0, 150.5, 184.0]
[54.0, 704.0, 176.0, 236.0]
[45.0, 552.0, 138.0, 188.0]
[41.0, 602.0, 150.5, 208.0]
[56.0, 632.0, 158.0, 252.0]
[53.0, 664.0, 166.0, 234.0]
[46.0, 588.0, 147.0, 220.0]
[49.0, 622.0, 155.5, 256.0]
[59.0, 696.0, 174.0, 206.0]
[52.0, 602.0, 150.5, 216.0]
[38.0, 564.0, 141.0, 164.0]
[48.0, 592.0, 148.0, 194.0]
[40.0, 614.0, 153.5, 198.0]
[40.0, 612.0, 153.0, 228.0]
[43.0, 660.0, 165.0, 198.0]
[41.0, 594.0, 148.5, 200.0]
[45.0, 660.0, 165.0, 268.0]
[50.0, 630.0, 157.5, 198.0]
[53.0, 636.0, 159.0, 244.0]
[53.0, 572.0, 143.0, 264.0]
[38.0, 600.0, 150.0, 180.0]
[53.0, 706.0, 176.5, 224.0]
[48.0, 674.0, 168.5, 194.0]
[41.0, 656.0, 164.0, 214.0]
[53.0, 632.0, 158.0, 214.0]
[55.0, 664.0, 166.0, 182.0]
[41.0, 546.0, 136.5, 180.0]
[43.0, 614.0, 153.5, 200.0]
[36.0, 632.0, 158.0, 220.0]
[55.0, 692.0, 173.0, 200.0]
[46.0, 692.0, 173.0, 210.0]
[36.0, 542.0, 135.5, 200.0]
[54.0, 662.0, 165.5, 196.0]
[53.0, 634.0, 158.5, 214.0]
[44.0, 582.0, 145.5, 196.0]
[46.0, 602.0, 150.5, 248.0]
[47.0, 640.0, 160.0, 262.0]
[51.0, 654.0, 163.5, 210.0]
[43.0, 672.0, 168.0, 202.0]
[51.0, 614.0, 153.5, 190.0]
[49.0, 600.0, 150.0, 226.0]
[49.0, 608.0, 152.0, 246.0]
[52.0, 638.0, 159.5, 214.0]
[44.0, 684.0, 171.0, 222.0]
[46.0, 692.0, 173.0, 200.0]
[32.0, 562.0, 140.5, 162.0]
[47.0, 626.0, 156.5, 202.0]
[36.0, 618.0, 154.5, 190.0]
[40.0, 572.0, 143.0, 180.0]
[44.0, 630.0, 157.5, 226.0]
[45.0, 588.0, 147.0, 216.0]
[38.0, 584.0, 146.0, 184.0]
[58.0, 652.0, 163.0, 216.0]
[45.0, 704.0, 176.0, 198.0]
[47.0, 644.0, 161.0, 232.0]
[49.0, 572.0, 143.0, 226.0]
[49.0, 658.0, 164.5, 218.0]
[44.0, 682.0, 170.5, 214.0]
[44.0, 578.0, 144.5, 176.0]
[42.0, 612.0, 153.0, 172.0]
[42.0, 658.0, 164.5, 224.0]
[43.0, 628.0, 157.0, 214.0]
[45.0, 618.0, 154.5, 208.0]
[41.0, 586.0, 146.5, 204.0]
[53.0, 628.0, 157.0, 224.0]
[49.0, 634.0, 158.5, 206.0]
[40.0, 620.0, 155.0, 218.0]
[52.0, 680.0, 170.0, 238.0]
[41.0, 622.0, 155.5, 182.0]
[44.0, 632.0, 158.0, 206.0]
[47.0, 620.0, 155.0, 272.0]
[44.0, 620.0, 155.0, 196.0]
[43.0, 610.0, 152.5, 204.0]
[41.0, 584.0, 146.0, 180.0]
[47.0, 632.0, 158.0, 182.0]
[48.0, 702.0, 175.5, 228.0]
[38.0, 606.0, 151.5, 204.0]
[37.0, 558.0, 139.5, 222.0]
[46.0, 558.0, 139.5, 210.0]
[41.0, 572.0, 143.0, 210.0]
[40.0, 538.0, 134.5, 224.0]
[40.0, 542.0, 135.5, 178.0]
[47.0, 656.0, 164.0, 196.0]
[40.0, 564.0, 141.0, 238.0]
[47.0, 614.0, 153.5, 232.0]
[49.0, 698.0, 174.5, 208.0]
[40.0, 630.0, 157.5, 212.0]
[49.0, 656.0, 164.0, 206.0]
[47.0, 668.0, 167.0, 214.0]
[46.0, 640.0, 160.0, 220.0]
[32.0, 600.0, 150.0, 192.0]
[39.0, 620.0, 155.0, 200.0]
[51.0, 706.0, 176.5, 182.0]
[49.0, 666.0, 166.5, 212.0]
[49.0, 564.0, 141.0, 216.0]
[42.0, 636.0, 159.0, 172.0]
[42.0, 620.0, 155.0, 232.0]
[44.0, 640.0, 160.0, 216.0]
[36.0, 616.0, 154.0, 168.0]
[46.0, 608.0, 152.0, 166.0]
[48.0, 588.0, 147.0, 194.0]
[53.0, 694.0, 173.5, 254.0]
[34.0, 602.0, 150.5, 166.0]
[49.0, 676.0, 169.0, 206.0]
[45.0, 644.0, 161.0, 228.0]
[45.0, 594.0, 148.5, 208.0]
[45.0, 670.0, 167.5, 218.0]
[55.0, 664.0, 166.0, 226.0]
[66.0, 690.0, 172.5, 240.0]
[38.0, 594.0, 148.5, 224.0]
[41.0, 614.0, 153.5, 220.0]
[61.0, 644.0, 161.0, 290.0]
[49.0, 620.0, 155.0, 266.0]
[43.0, 640.0, 160.0, 210.0]
[53.0, 690.0, 172.5, 254.0]
[46.0, 616.0, 154.0, 226.0]
[51.0, 630.0, 157.5, 200.0]
[44.0, 634.0, 158.5, 216.0]
[55.0, 692.0, 173.0, 238.0]
[51.0, 662.0, 165.5, 240.0]
[51.0, 662.0, 165.5, 230.0]
[57.0, 672.0, 168.0, 228.0]
[40.0, 588.0, 147.0, 168.0]
[47.0, 614.0, 153.5, 202.0]
[50.0, 656.0, 164.0, 218.0]
[40.0, 602.0, 150.5, 200.0]
[42.0, 610.0, 152.5, 188.0]
[65.0, 650.0, 162.5, 278.0]
[43.0, 622.0, 155.5, 216.0]
[44.0, 578.0, 144.5, 216.0]
[42.0, 638.0, 159.5, 244.0]
[52.0, 692.0, 173.0, 226.0]
[46.0, 630.0, 157.5, 250.0]
[44.0, 626.0, 156.5, 176.0]
[50.0, 662.0, 165.5, 208.0]
[50.0, 722.0, 180.5, 226.0]
[45.0, 528.0, 132.0, 178.0]
[43.0, 562.0, 140.5, 244.0]
[44.0, 648.0, 162.0, 206.0]
[44.0, 620.0, 155.0, 196.0]
[48.0, 652.0, 163.0, 234.0]
[45.0, 592.0, 148.0, 188.0]
[50.0, 602.0, 150.5, 208.0]
[50.0, 678.0, 169.5, 210.0]
[49.0, 688.0, 172.0, 178.0]
[44.0, 594.0, 148.5, 186.0]
[58.0, 746.0, 186.5, 244.0]
[43.0, 630.0, 157.5, 194.0]
[36.0, 536.0, 134.0, 240.0]
[43.0, 658.0, 164.5, 184.0]
[37.0, 608.0, 152.0, 194.0]
[46.0, 632.0, 158.0, 180.0]
[50.0, 708.0, 177.0, 220.0]
[38.0, 654.0, 163.5, 214.0]
[40.0, 624.0, 156.0, 164.0]
[43.0, 644.0, 161.0, 234.0]
[53.0, 662.0, 165.5, 208.0]
[47.0, 618.0, 154.5, 220.0]
[55.0, 654.0, 163.5, 278.0]
[45.0, 668.0, 167.0, 186.0]
[42.0, 590.0, 147.5, 236.0]
[51.0, 630.0, 157.5, 236.0]
[44.0, 624.0, 156.0, 200.0]
[59.0, 688.0, 172.0, 276.0]
[46.0, 678.0, 169.5, 218.0]
[36.0, 588.0, 147.0, 222.0]
[53.0, 674.0, 168.5, 244.0]
[30.0, 518.0, 129.5, 174.0]
[41.0, 596.0, 149.0, 206.0]
[54.0, 690.0, 172.5, 236.0]
[45.0, 638.0, 159.5, 198.0]
[56.0, 618.0, 154.5, 240.0]
[46.0, 652.0, 163.0, 230.0]
[44.0, 628.0, 157.0, 236.0]
[42.0, 642.0, 160.5, 232.0]
[37.0, 536.0, 134.0, 232.0]
[35.0, 546.0, 136.5, 168.0]
[45.0, 638.0, 159.5, 208.0]
[42.0, 640.0, 160.0, 192.0]
[45.0, 652.0, 163.0, 188.0]
[57.0, 656.0, 164.0, 222.0]
[37.0, 592.0, 148.0, 242.0]
[50.0, 592.0, 148.0, 228.0]
[49.0, 638.0, 159.5, 266.0]
[50.0, 676.0, 169.0, 198.0]
[53.0, 604.0, 151.0, 204.0]
[49.0, 600.0, 150.0, 206.0]
[52.0, 658.0, 164.5, 232.0]
[39.0, 602.0, 150.5, 226.0]
[39.0, 624.0, 156.0, 202.0]
[45.0, 630.0, 157.5, 198.0]
[39.0, 638.0, 159.5, 232.0]
[49.0, 624.0, 156.0, 202.0]
[52.0, 648.0, 162.0, 262.0]
[40.0, 590.0, 147.5, 178.0]
[47.0, 640.0, 160.0, 230.0]
[37.0, 640.0, 160.0, 212.0]
[39.0, 522.0, 130.5, 170.0]
[48.0, 640.0, 160.0, 224.0]
[46.0, 710.0, 177.5, 228.0]
[49.0, 600.0, 150.0, 266.0]
[50.0, 692.0, 173.0, 218.0]
[51.0, 664.0, 166.0, 230.0]
[38.0, 586.0, 146.5, 244.0]
[39.0, 622.0, 155.5, 206.0]
[38.0, 598.0, 149.5, 214.0]
[46.0, 634.0, 158.5, 274.0]
[64.0, 706.0, 176.5, 256.0]
[47.0, 638.0, 159.5, 212.0]
[50.0, 632.0, 158.0, 208.0]
[52.0, 662.0, 165.5, 272.0]
[42.0, 554.0, 138.5, 182.0]
[42.0, 624.0, 156.0, 202.0]
[41.0, 654.0, 163.5, 190.0]
[51.0, 724.0, 181.0, 220.0]
[51.0, 642.0, 160.5, 202.0]
[35.0, 608.0, 152.0, 188.0]
[51.0, 694.0, 173.5, 230.0]
[40.0, 640.0, 160.0, 198.0]
[59.0, 678.0, 169.5, 216.0]
[49.0, 722.0, 180.5, 194.0]
[48.0, 674.0, 168.5, 214.0]
[54.0, 718.0, 179.5, 218.0]
[51.0, 582.0, 145.5, 230.0]
[45.0, 664.0, 166.0, 212.0]
[44.0, 628.0, 157.0, 218.0]
[42.0, 668.0, 167.0, 194.0]
[46.0, 658.0, 164.5, 192.0]
[50.0, 662.0, 165.5, 224.0]
[39.0, 606.0, 151.5, 190.0]
[46.0, 650.0, 162.5, 184.0]
[50.0, 680.0, 170.0, 248.0]
[55.0, 660.0, 165.0, 228.0]
[36.0, 584.0, 146.0, 180.0]
[39.0, 618.0, 154.5, 186.0]
[46.0, 610.0, 152.5, 240.0]
[53.0, 680.0, 170.0, 224.0]
[39.0, 632.0, 158.0, 186.0]
[51.0, 590.0, 147.5, 250.0]
[59.0, 670.0, 167.5, 236.0]
[40.0, 562.0, 140.5, 178.0]
[61.0, 652.0, 163.0, 230.0]
[46.0, 654.0, 163.5, 220.0]
[41.0, 670.0, 167.5, 198.0]
[47.0, 608.0, 152.0, 212.0]
[39.0, 626.0, 156.5, 218.0]
[52.0, 674.0, 168.5, 222.0]
[49.0, 640.0, 160.0, 246.0]
[49.0, 666.0, 166.5, 180.0]
[41.0, 620.0, 155.0, 198.0]
[40.0, 490.0, 122.5, 228.0]
[49.0, 646.0, 161.5, 216.0]
[39.0, 634.0, 158.5, 206.0]
[51.0, 696.0, 174.0, 230.0]
[41.0, 624.0, 156.0, 218.0]
[42.0, 668.0, 167.0, 192.0]
[52.0, 670.0, 167.5, 212.0]
[42.0, 638.0, 159.5, 212.0]
[37.0, 614.0, 153.5, 202.0]
[44.0, 642.0, 160.5, 226.0]
[51.0, 658.0, 164.5, 220.0]
[42.0, 594.0, 148.5, 192.0]
[45.0, 650.0, 162.5, 226.0]
[45.0, 602.0, 150.5, 198.0]
[37.0, 606.0, 151.5, 182.0]
[38.0, 584.0, 146.0, 204.0]
[39.0, 596.0, 149.0, 198.0]
[43.0, 666.0, 166.5, 234.0]
[38.0, 626.0, 156.5, 214.0]
[44.0, 648.0, 162.0, 190.0]
[48.0, 670.0, 167.5, 204.0]
[47.0, 684.0, 171.0, 222.0]
[53.0, 660.0, 165.0, 254.0]
[48.0, 696.0, 174.0, 224.0]
[42.0, 626.0, 156.5, 202.0]
[43.0, 682.0, 170.5, 200.0]
[39.0, 606.0, 151.5, 196.0]
[51.0, 668.0, 167.0, 250.0]
[47.0, 642.0, 160.5, 222.0]
[39.0, 630.0, 157.5, 208.0]
[42.0, 624.0, 156.0, 182.0]
[45.0, 624.0, 156.0, 178.0]
[46.0, 604.0, 151.0, 210.0]
[50.0, 632.0, 158.0, 268.0]
[43.0, 640.0, 160.0, 220.0]
[58.0, 704.0, 176.0, 204.0]
[48.0, 674.0, 168.5, 212.0]
[52.0, 708.0, 177.0, 222.0]
[36.0, 542.0, 135.5, 210.0]
[55.0, 718.0, 179.5, 238.0]
[51.0, 618.0, 154.5, 200.0]
[39.0, 606.0, 151.5, 182.0]
[41.0, 646.0, 161.5, 192.0]
[38.0, 592.0, 148.0, 214.0]
[42.0, 634.0, 158.5, 196.0]
[45.0, 652.0, 163.0, 228.0]
[56.0, 652.0, 163.0, 186.0]
[43.0, 622.0, 155.5, 224.0]
[42.0, 634.0, 158.5, 222.0]
[58.0, 640.0, 160.0, 214.0]
[58.0, 644.0, 161.0, 204.0]
[46.0, 620.0, 155.0, 224.0]
[44.0, 554.0, 138.5, 186.0]
[45.0, 684.0, 171.0, 218.0]
[43.0, 578.0, 144.5, 224.0]
[53.0, 686.0, 171.5, 192.0]
[50.0, 606.0, 151.5, 238.0]
[40.0, 642.0, 160.5, 188.0]
[38.0, 590.0, 147.5, 222.0]
[47.0, 676.0, 169.0, 198.0]
[37.0, 574.0, 143.5, 222.0]
[53.0, 648.0, 162.0, 198.0]
[46.0, 690.0, 172.5, 270.0]
[49.0, 626.0, 156.5, 208.0]
[43.0, 618.0, 154.5, 214.0]
[40.0, 610.0, 152.5, 188.0]
[51.0, 672.0, 168.0, 260.0]
[42.0, 588.0, 147.0, 212.0]
[47.0, 712.0, 178.0, 208.0]
[33.0, 536.0, 134.0, 204.0]
[46.0, 584.0, 146.0, 260.0]
[51.0, 590.0, 147.5, 230.0]
[40.0, 612.0, 153.0, 198.0]
[46.0, 650.0, 162.5, 200.0]
[52.0, 700.0, 175.0, 246.0]
[43.0, 612.0, 153.0, 194.0]
[49.0, 634.0, 158.5, 246.0]
[68.0, 692.0, 173.0, 294.0]
[47.0, 638.0, 159.5, 212.0]
[43.0, 566.0, 141.5, 194.0]
[44.0, 584.0, 146.0, 196.0]
[34.0, 588.0, 147.0, 220.0]
[46.0, 652.0, 163.0, 192.0]
[38.0, 550.0, 137.5, 184.0]
[48.0, 702.0, 175.5, 254.0]
[50.0, 572.0, 143.0, 218.0]
[46.0, 662.0, 165.5, 220.0]
[33.0, 564.0, 141.0, 184.0]
[48.0, 674.0, 168.5, 204.0]
[41.0, 622.0, 155.5, 180.0]
[42.0, 598.0, 149.5, 222.0]
[62.0, 648.0, 162.0, 232.0]
[39.0, 646.0, 161.5, 200.0]
[44.0, 662.0, 165.5, 186.0]
[43.0, 600.0, 150.0, 214.0]
[51.0, 656.0, 164.0, 244.0]
[42.0, 580.0, 145.0, 196.0]
[52.0, 662.0, 165.5, 242.0]
[31.0, 528.0, 132.0, 188.0]
[43.0, 682.0, 170.5, 206.0]
[47.0, 658.0, 164.5, 212.0]
[39.0, 596.0, 149.0, 214.0]
[37.0, 592.0, 148.0, 172.0]
[47.0, 638.0, 159.5, 212.0]
[33.0, 566.0, 141.5, 184.0]
[48.0, 678.0, 169.5, 254.0]
[41.0, 618.0, 154.5, 190.0]
[43.0, 618.0, 154.5, 174.0]
[39.0, 598.0, 149.5, 202.0]
[52.0, 692.0, 173.0, 198.0]
[51.0, 662.0, 165.5, 198.0]
[50.0, 646.0, 161.5, 198.0]
[49.0, 718.0, 179.5, 200.0]
[49.0, 628.0, 157.0, 220.0]
[54.0, 758.0, 189.5, 236.0]
[60.0, 600.0, 150.0, 218.0]
[43.0, 660.0, 165.0, 184.0]
[44.0, 614.0, 153.5, 246.0]
[54.0, 668.0, 167.0, 296.0]
[48.0, 686.0, 171.5, 240.0]
[50.0, 660.0, 165.0, 218.0]
[38.0, 550.0, 137.5, 164.0]
[40.0, 610.0, 152.5, 232.0]
[42.0, 584.0, 146.0, 176.0]
[45.0, 594.0, 148.5, 208.0]
[51.0, 670.0, 167.5, 186.0]
[46.0, 668.0, 167.0, 240.0]
[37.0, 582.0, 145.5, 162.0]
[53.0, 664.0, 166.0, 224.0]
[43.0, 598.0, 149.5, 204.0]
[63.0, 672.0, 168.0, 264.0]
[38.0, 568.0, 142.0, 184.0]
[47.0, 584.0, 146.0, 212.0]
[39.0, 664.0, 166.0, 206.0]
[42.0, 608.0, 152.0, 192.0]
[42.0, 658.0, 164.5, 202.0]
[46.0, 636.0, 159.0, 238.0]
[48.0, 642.0, 160.5, 186.0]
[53.0, 672.0, 168.0, 234.0]
[45.0, 664.0, 166.0, 210.0]
[46.0, 598.0, 149.5, 250.0]
[57.0, 682.0, 170.5, 196.0]
[54.0, 638.0, 159.5, 186.0]
[41.0, 548.0, 137.0, 210.0]
[51.0, 714.0, 178.5, 236.0]
[57.0, 670.0, 167.5, 212.0]
[40.0, 662.0, 165.5, 238.0]
[50.0, 670.0, 167.5, 218.0]
[37.0, 558.0, 139.5, 192.0]
[50.0, 660.0, 165.0, 176.0]
[56.0, 696.0, 174.0, 260.0]
[49.0, 638.0, 159.5, 196.0]
[45.0, 600.0, 150.0, 216.0]
[43.0, 646.0, 161.5, 204.0]
[44.0, 654.0, 163.5, 226.0]
[36.0, 570.0, 142.5, 190.0]
[52.0, 730.0, 182.5, 212.0]
[42.0, 604.0, 151.0, 212.0]
[43.0, 646.0, 161.5, 214.0]
[46.0, 610.0, 152.5, 240.0]
[43.0, 590.0, 147.5, 174.0]
[38.0, 642.0, 160.5, 192.0]
[48.0, 674.0, 168.5, 208.0]
[39.0, 602.0, 150.5, 174.0]
[45.0, 578.0, 144.5, 188.0]
[54.0, 688.0, 172.0, 228.0]
[49.0, 686.0, 171.5, 196.0]
[37.0, 574.0, 143.5, 182.0]
[37.0, 640.0, 160.0, 210.0]
[58.0, 662.0, 165.5, 244.0]
[65.0, 660.0, 165.0, 258.0]
[45.0, 552.0, 138.0, 208.0]
[39.0, 644.0, 161.0, 186.0]
[50.0, 634.0, 158.5, 188.0]
[47.0, 682.0, 170.5, 194.0]
[53.0, 668.0, 167.0, 224.0]
[55.0, 634.0, 158.5, 238.0]
[40.0, 642.0, 160.5, 188.0]
[47.0, 656.0, 164.0, 242.0]
[57.0, 696.0, 174.0, 208.0]
[57.0, 718.0, 179.5, 222.0]
[45.0, 578.0, 144.5, 184.0]
[46.0, 626.0, 156.5, 238.0]
[43.0, 680.0, 170.0, 224.0]
[53.0, 596.0, 149.0, 254.0]
[47.0, 672.0, 168.0, 232.0]
[45.0, 606.0, 151.5, 188.0]
[45.0, 536.0, 134.0, 222.0]
[60.0, 694.0, 173.5, 248.0]
[41.0, 638.0, 159.5, 230.0]
[60.0, 696.0, 174.0, 258.0]
[46.0, 604.0, 151.0, 210.0]
[47.0, 602.0, 150.5, 188.0]
[51.0, 676.0, 169.0, 220.0]
[47.0, 654.0, 163.5, 182.0]
[55.0, 662.0, 165.5, 218.0]
[42.0, 614.0, 153.5, 178.0]
[52.0, 650.0, 162.5, 252.0]
[50.0, 656.0, 164.0, 218.0]
[41.0, 638.0, 159.5, 196.0]
[54.0, 668.0, 167.0, 206.0]
[37.0, 580.0, 145.0, 192.0]
[45.0, 638.0, 159.5, 208.0]
[42.0, 654.0, 163.5, 202.0]
[42.0, 624.0, 156.0, 222.0]
[44.0, 686.0, 171.5, 210.0]
[53.0, 680.0, 170.0, 254.0]
[43.0, 604.0, 151.0, 234.0]
[48.0, 666.0, 166.5, 222.0]
[43.0, 622.0, 155.5, 208.0]
[48.0, 652.0, 163.0, 184.0]
[48.0, 674.0, 168.5, 224.0]
[45.0, 698.0, 174.5, 236.0]
[46.0, 632.0, 158.0, 210.0]
[48.0, 686.0, 171.5, 248.0]
[46.0, 602.0, 150.5, 206.0]
[39.0, 632.0, 158.0, 180.0]
[54.0, 694.0, 173.5, 216.0]
[44.0, 662.0, 165.5, 176.0]
[38.0, 634.0, 158.5, 202.0]
[50.0, 652.0, 163.0, 224.0]
[38.0, 548.0, 137.0, 184.0]
[42.0, 642.0, 160.5, 196.0]
[64.0, 732.0, 183.0, 246.0]
[46.0, 550.0, 137.5, 190.0]
[50.0, 634.0, 158.5, 234.0]
[43.0, 634.0, 158.5, 176.0]
[38.0, 630.0, 157.5, 200.0]
[44.0, 578.0, 144.5, 206.0]
[40.0, 590.0, 147.5, 180.0]
[45.0, 650.0, 162.5, 198.0]
[45.0, 686.0, 171.5, 188.0]
[46.0, 674.0, 168.5, 210.0]
[39.0, 592.0, 148.0, 206.0]
[42.0, 628.0, 157.0, 190.0]
[49.0, 662.0, 165.5, 216.0]
[40.0, 528.0, 132.0, 208.0]
[33.0, 558.0, 139.5, 204.0]
[38.0, 608.0, 152.0, 184.0]
[42.0, 660.0, 165.0, 192.0]
[37.0, 642.0, 160.5, 192.0]
[47.0, 668.0, 167.0, 262.0]
[48.0, 624.0, 156.0, 194.0]
[39.0, 554.0, 138.5, 186.0]
[48.0, 614.0, 153.5, 184.0]
[45.0, 654.0, 163.5, 208.0]
[45.0, 644.0, 161.0, 190.0]
[37.0, 584.0, 146.0, 188.0]
[48.0, 624.0, 156.0, 194.0]
[58.0, 700.0, 175.0, 214.0]
[57.0, 674.0, 168.5, 242.0]
[35.0, 560.0, 140.0, 218.0]
[57.0, 658.0, 164.5, 232.0]
[39.0, 596.0, 149.0, 190.0]
[47.0, 588.0, 147.0, 232.0]
[41.0, 670.0, 167.5, 230.0]
[56.0, 690.0, 172.5, 240.0]
[46.0, 570.0, 142.5, 210.0]
[51.0, 684.0, 171.0, 210.0]
[46.0, 668.0, 167.0, 230.0]
[44.0, 642.0, 160.5, 184.0]
[46.0, 588.0, 147.0, 210.0]
[37.0, 562.0, 140.5, 216.0]
[42.0, 624.0, 156.0, 202.0]
[64.0, 672.0, 168.0, 266.0]
[41.0, 578.0, 144.5, 230.0]
[41.0, 638.0, 159.5, 198.0]
[47.0, 562.0, 140.5, 232.0]
[45.0, 660.0, 165.0, 226.0]
[67.0, 718.0, 179.5, 222.0]
[46.0, 686.0, 171.5, 198.0]
[52.0, 638.0, 159.5, 194.0]
[42.0, 594.0, 148.5, 192.0]
[48.0, 628.0, 157.0, 184.0]
[42.0, 600.0, 150.0, 214.0]
[57.0, 664.0, 166.0, 220.0]
[38.0, 614.0, 153.5, 194.0]
[57.0, 686.0, 171.5, 204.0]
[35.0, 580.0, 145.0, 182.0]
[46.0, 652.0, 163.0, 180.0]
[46.0, 666.0, 166.5, 196.0]
[47.0, 682.0, 170.5, 202.0]
[56.0, 620.0, 155.0, 260.0]
[37.0, 590.0, 147.5, 198.0]
[40.0, 608.0, 152.0, 188.0]
[37.0, 592.0, 148.0, 182.0]
[36.0, 608.0, 152.0, 170.0]
[43.0, 658.0, 164.5, 214.0]
[57.0, 576.0, 144.0, 240.0]
[49.0, 632.0, 158.0, 216.0]
[48.0, 608.0, 152.0, 194.0]
[44.0, 576.0, 144.0, 226.0]
[48.0, 650.0, 162.5, 220.0]
[41.0, 620.0, 155.0, 230.0]
[50.0, 634.0, 158.5, 208.0]
[41.0, 656.0, 164.0, 226.0]
[41.0, 556.0, 139.0, 290.0]
[40.0, 632.0, 158.0, 178.0]
[54.0, 628.0, 157.0, 196.0]
[55.0, 650.0, 162.5, 248.0]
[44.0, 660.0, 165.0, 196.0]
[47.0, 604.0, 151.0, 252.0]
[37.0, 584.0, 146.0, 202.0]
[37.0, 624.0, 156.0, 200.0]
[36.0, 594.0, 148.5, 200.0]
[33.0, 584.0, 146.0, 202.0]
[49.0, 698.0, 174.5, 194.0]
[49.0, 626.0, 156.5, 196.0]
[45.0, 656.0, 164.0, 218.0]
[51.0, 608.0, 152.0, 260.0]
[46.0, 614.0, 153.5, 178.0]
[42.0, 630.0, 157.5, 188.0]
[43.0, 622.0, 155.5, 214.0]
[65.0, 704.0, 176.0, 244.0]
[50.0, 634.0, 158.5, 192.0]
[39.0, 640.0, 160.0, 182.0]
[41.0, 634.0, 158.5, 220.0]
[42.0, 612.0, 153.0, 192.0]
[47.0, 708.0, 177.0, 198.0]
[54.0, 576.0, 144.0, 246.0]
[52.0, 614.0, 153.5, 252.0]
[52.0, 628.0, 157.0, 182.0]
[44.0, 570.0, 142.5, 230.0]
[68.0, 740.0, 185.0, 254.0]
[46.0, 618.0, 154.5, 240.0]
[43.0, 652.0, 163.0, 204.0]
[36.0, 538.0, 134.5, 176.0]
[47.0, 640.0, 160.0, 182.0]
[62.0, 712.0, 178.0, 232.0]
[42.0, 586.0, 146.5, 222.0]
[31.0, 554.0, 138.5, 180.0]
[48.0, 624.0, 156.0, 214.0]
[50.0, 636.0, 159.0, 218.0]
[47.0, 664.0, 166.0, 212.0]
[37.0, 598.0, 149.5, 192.0]
[43.0, 672.0, 168.0, 204.0]
[54.0, 672.0, 168.0, 246.0]
[43.0, 590.0, 147.5, 224.0]
[52.0, 586.0, 146.5, 242.0]
[48.0, 662.0, 165.5, 204.0]
[41.0, 590.0, 147.5, 200.0]
[54.0, 618.0, 154.5, 206.0]
[64.0, 618.0, 154.5, 266.0]
[43.0, 658.0, 164.5, 194.0]
[66.0, 686.0, 171.5, 240.0]
[42.0, 652.0, 163.0, 196.0]
[53.0, 678.0, 169.5, 224.0]
[40.0, 634.0, 158.5, 208.0]
[36.0, 596.0, 149.0, 190.0]
[50.0, 626.0, 156.5, 210.0]
[38.0, 618.0, 154.5, 216.0]
[50.0, 630.0, 157.5, 258.0]
[41.0, 586.0, 146.5, 194.0]
[51.0, 718.0, 179.5, 228.0]
[42.0, 636.0, 159.0, 194.0]
[49.0, 684.0, 171.0, 246.0]
[39.0, 638.0, 159.5, 186.0]
[49.0, 696.0, 174.0, 206.0]
[39.0, 660.0, 165.0, 186.0]
[52.0, 682.0, 170.5, 212.0]
[48.0, 662.0, 165.5, 196.0]
[49.0, 658.0, 164.5, 208.0]
[52.0, 662.0, 165.5, 222.0]
[46.0, 668.0, 167.0, 210.0]
[35.0, 588.0, 147.0, 158.0]
[46.0, 620.0, 155.0, 180.0]
[41.0, 602.0, 150.5, 230.0]
[38.0, 628.0, 157.0, 204.0]
[41.0, 652.0, 163.0, 192.0]
[43.0, 654.0, 163.5, 180.0]
[52.0, 658.0, 164.5, 232.0]
[40.0, 606.0, 151.5, 208.0]
[57.0, 720.0, 180.0, 232.0]
[51.0, 596.0, 149.0, 240.0]
[44.0, 602.0, 150.5, 176.0]
[45.0, 606.0, 151.5, 218.0]
[42.0, 644.0, 161.0, 202.0]
[50.0, 632.0, 158.0, 298.0]
[61.0, 670.0, 167.5, 232.0]
[51.0, 668.0, 167.0, 210.0]
[47.0, 662.0, 165.5, 202.0]
[45.0, 626.0, 156.5, 196.0]
[36.0, 578.0, 144.5, 170.0]
[37.0, 614.0, 153.5, 222.0]
[38.0, 650.0, 162.5, 222.0]
[46.0, 686.0, 171.5, 200.0]
[42.0, 670.0, 167.5, 218.0]
[40.0, 586.0, 146.5, 228.0]
[58.0, 640.0, 160.0, 264.0]
[42.0, 610.0, 152.5, 218.0]
[50.0, 672.0, 168.0, 248.0]
[42.0, 582.0, 145.5, 192.0]
[42.0, 600.0, 150.0, 186.0]
[47.0, 652.0, 163.0, 192.0]
[42.0, 556.0, 139.0, 192.0]
[45.0, 648.0, 162.0, 186.0]
[55.0, 696.0, 174.0, 218.0]
[52.0, 674.0, 168.5, 224.0]
[46.0, 600.0, 150.0, 190.0]
[37.0, 618.0, 154.5, 210.0]
[43.0, 652.0, 163.0, 224.0]
[40.0, 646.0, 161.5, 190.0]
[44.0, 604.0, 151.0, 236.0]
[47.0, 598.0, 149.5, 224.0]
[47.0, 618.0, 154.5, 202.0]
[43.0, 648.0, 162.0, 214.0]
[46.0, 630.0, 157.5, 230.0]
[41.0, 566.0, 141.5, 200.0]
[50.0, 634.0, 158.5, 208.0]
[40.0, 620.0, 155.0, 214.0]
[54.0, 530.0, 132.5, 196.0]
[43.0, 672.0, 168.0, 234.0]
[38.0, 620.0, 155.0, 174.0]
[50.0, 602.0, 150.5, 228.0]
[35.0, 600.0, 150.0, 198.0]
[51.0, 618.0, 154.5, 210.0]
[55.0, 662.0, 165.5, 238.0]
[40.0, 558.0, 139.5, 226.0]
[49.0, 658.0, 164.5, 276.0]
[46.0, 676.0, 169.0, 230.0]
[44.0, 606.0, 151.5, 216.0]
[38.0, 586.0, 146.5, 214.0]
[46.0, 584.0, 146.0, 250.0]
[41.0, 566.0, 141.5, 190.0]
[39.0, 576.0, 144.0, 156.0]
[47.0, 638.0, 159.5, 252.0]
[47.0, 634.0, 158.5, 202.0]
[50.0, 692.0, 173.0, 198.0]
[39.0, 634.0, 158.5, 180.0]
[57.0, 738.0, 184.5, 222.0]
[43.0, 646.0, 161.5, 184.0]
[35.0, 540.0, 135.0, 228.0]
[40.0, 570.0, 142.5, 186.0]
[41.0, 598.0, 149.5, 186.0]
[37.0, 586.0, 146.5, 178.0]
[54.0, 668.0, 167.0, 226.0]
[41.0, 548.0, 137.0, 190.0]
[59.0, 660.0, 165.0, 236.0]
[42.0, 670.0, 167.5, 182.0]
[54.0, 634.0, 158.5, 256.0]
[42.0, 630.0, 157.5, 190.0]
[46.0, 602.0, 150.5, 230.0]
[47.0, 662.0, 165.5, 192.0]
[44.0, 602.0, 150.5, 206.0]
[38.0, 540.0, 135.0, 244.0]
[52.0, 632.0, 158.0, 178.0]
[38.0, 612.0, 153.0, 192.0]
[38.0, 596.0, 149.0, 200.0]
[62.0, 692.0, 173.0, 242.0]
[46.0, 592.0, 148.0, 230.0]
[53.0, 638.0, 159.5, 214.0]
[69.0, 682.0, 170.5, 286.0]
[53.0, 626.0, 156.5, 234.0]
[45.0, 648.0, 162.0, 178.0]
[48.0, 704.0, 176.0, 222.0]
[52.0, 608.0, 152.0, 252.0]
[39.0, 636.0, 159.0, 182.0]
[54.0, 630.0, 157.5, 226.0]
[40.0, 552.0, 138.0, 278.0]
[58.0, 660.0, 165.0, 184.0]
[37.0, 558.0, 139.5, 222.0]
[46.0, 688.0, 172.0, 200.0]
[43.0, 624.0, 156.0, 214.0]
[56.0, 682.0, 170.5, 200.0]
[40.0, 658.0, 164.5, 198.0]
[37.0, 652.0, 163.0, 172.0]
[46.0, 646.0, 161.5, 210.0]
[43.0, 656.0, 164.0, 214.0]
[47.0, 628.0, 157.0, 242.0]
[60.0, 688.0, 172.0, 252.0]
[41.0, 622.0, 155.5, 236.0]
[48.0, 658.0, 164.5, 184.0]
[42.0, 548.0, 137.0, 282.0]
[40.0, 598.0, 149.5, 208.0]
[50.0, 680.0, 170.0, 186.0]
[43.0, 650.0, 162.5, 204.0]
[43.0, 566.0, 141.5, 214.0]
[43.0, 656.0, 164.0, 174.0]
[56.0, 664.0, 166.0, 240.0]
[40.0, 556.0, 139.0, 238.0]
[44.0, 632.0, 158.0, 196.0]
[43.0, 610.0, 152.5, 214.0]
[49.0, 638.0, 159.5, 226.0]
[40.0, 608.0, 152.0, 248.0]
[50.0, 630.0, 157.5, 218.0]
[34.0, 626.0, 156.5, 206.0]
[47.0, 674.0, 168.5, 172.0]
[55.0, 648.0, 162.0, 228.0]
[53.0, 644.0, 161.0, 286.0]
[41.0, 586.0, 146.5, 180.0]
[46.0, 640.0, 160.0, 220.0]
[47.0, 640.0, 160.0, 182.0]
[56.0, 610.0, 152.5, 250.0]
[36.0, 574.0, 143.5, 180.0]
[40.0, 564.0, 141.0, 178.0]
[60.0, 678.0, 169.5, 258.0]
[43.0, 658.0, 164.5, 190.0]
[51.0, 714.0, 178.5, 200.0]
[41.0, 558.0, 139.5, 212.0]
[40.0, 572.0, 143.0, 198.0]
[38.0, 570.0, 142.5, 164.0]
[39.0, 596.0, 149.0, 178.0]
[30.0, 554.0, 138.5, 188.0]
[39.0, 614.0, 153.5, 234.0]
[55.0, 628.0, 157.0, 228.0]
[40.0, 612.0, 153.0, 238.0]
[38.0, 602.0, 150.5, 180.0]
[38.0, 564.0, 141.0, 224.0]
[34.0, 530.0, 132.5, 196.0]
[54.0, 672.0, 168.0, 206.0]
[46.0, 704.0, 176.0, 202.0]
[51.0, 632.0, 158.0, 250.0]
[46.0, 696.0, 174.0, 204.0]
[42.0, 648.0, 162.0, 222.0]
[42.0, 640.0, 160.0, 192.0]
[49.0, 638.0, 159.5, 186.0]
[39.0, 610.0, 152.5, 168.0]
[45.0, 616.0, 154.0, 190.0]
[34.0, 514.0, 128.5, 196.0]
[39.0, 588.0, 147.0, 176.0]
[48.0, 680.0, 170.0, 196.0]
[45.0, 594.0, 148.5, 192.0]
[43.0, 612.0, 153.0, 224.0]
[36.0, 622.0, 155.5, 230.0]
[40.0, 634.0, 158.5, 198.0]
[51.0, 656.0, 164.0, 238.0]
[40.0, 586.0, 146.5, 170.0]
[40.0, 622.0, 155.5, 188.0]
[41.0, 682.0, 170.5, 190.0]
[40.0, 562.0, 140.5, 182.0]
[51.0, 640.0, 160.0, 230.0]
[49.0, 698.0, 174.5, 206.0]
[48.0, 588.0, 147.0, 254.0]
[40.0, 650.0, 162.5, 188.0]
[40.0, 614.0, 153.5, 224.0]
[34.0, 580.0, 145.0, 206.0]
[40.0, 652.0, 163.0, 202.0]
[62.0, 656.0, 164.0, 252.0]
[41.0, 650.0, 162.5, 200.0]
[40.0, 530.0, 132.5, 170.0]
[40.0, 632.0, 158.0, 208.0]
[56.0, 696.0, 174.0, 220.0]
[43.0, 680.0, 170.0, 200.0]
[58.0, 738.0, 184.5, 218.0]
[47.0, 650.0, 162.5, 204.0]
[56.0, 660.0, 165.0, 250.0]
[44.0, 614.0, 153.5, 190.0]
[38.0, 584.0, 146.0, 224.0]
[42.0, 658.0, 164.5, 200.0]
[49.0, 688.0, 172.0, 196.0]
[33.0, 600.0, 150.0, 168.0]
[52.0, 716.0, 179.0, 222.0]
[48.0, 642.0, 160.5, 226.0]
[50.0, 652.0, 163.0, 238.0]
[49.0, 680.0, 170.0, 196.0]
[40.0, 612.0, 153.0, 192.0]
[55.0, 622.0, 155.5, 218.0]
[44.0, 664.0, 166.0, 206.0]
[48.0, 642.0, 160.5, 204.0]
[53.0, 634.0, 158.5, 234.0]
[39.0, 558.0, 139.5, 236.0]
[55.0, 674.0, 168.5, 228.0]
[39.0, 578.0, 144.5, 226.0]
[39.0, 584.0, 146.0, 204.0]
[52.0, 644.0, 161.0, 228.0]
[50.0, 662.0, 165.5, 218.0]
[53.0, 688.0, 172.0, 254.0]
[47.0, 632.0, 158.0, 192.0]
[39.0, 648.0, 162.0, 190.0]
[44.0, 654.0, 163.5, 196.0]
[43.0, 602.0, 150.5, 174.0]
[37.0, 598.0, 149.5, 180.0]
[50.0, 614.0, 153.5, 208.0]
[38.0, 562.0, 140.5, 214.0]
[51.0, 704.0, 176.0, 204.0]
[48.0, 606.0, 151.5, 204.0]
[41.0, 622.0, 155.5, 194.0]
[53.0, 598.0, 149.5, 264.0]
[42.0, 600.0, 150.0, 232.0]
[41.0, 648.0, 162.0, 200.0]
[42.0, 644.0, 161.0, 202.0]
[46.0, 616.0, 154.0, 230.0]
[46.0, 648.0, 162.0, 190.0]
[40.0, 594.0, 148.5, 228.0]
[50.0, 656.0, 164.0, 198.0]
[40.0, 602.0, 150.5, 204.0]
[31.0, 562.0, 140.5, 180.0]
[58.0, 798.0, 199.5, 224.0]
[48.0, 608.0, 152.0, 232.0]
[36.0, 568.0, 142.0, 190.0]
[59.0, 754.0, 188.5, 236.0]
[49.0, 710.0, 177.5, 192.0]
[53.0, 576.0, 144.0, 244.0]
[53.0, 670.0, 167.5, 192.0]
[43.0, 654.0, 163.5, 188.0]
[56.0, 630.0, 157.5, 220.0]
[33.0, 564.0, 141.0, 214.0]
[49.0, 650.0, 162.5, 246.0]
[43.0, 652.0, 163.0, 184.0]
[44.0, 652.0, 163.0, 216.0]
[48.0, 658.0, 164.5, 246.0]
[46.0, 604.0, 151.0, 220.0]
[41.0, 588.0, 147.0, 200.0]
[48.0, 584.0, 146.0, 224.0]
[52.0, 680.0, 170.0, 242.0]
[48.0, 652.0, 163.0, 230.0]
[40.0, 630.0, 157.5, 208.0]
[47.0, 656.0, 164.0, 202.0]
[49.0, 648.0, 162.0, 194.0]
[38.0, 626.0, 156.5, 194.0]
[42.0, 618.0, 154.5, 212.0]
[39.0, 562.0, 140.5, 242.0]
[35.0, 546.0, 136.5, 198.0]
[49.0, 664.0, 166.0, 266.0]
[43.0, 596.0, 149.0, 204.0]
[47.0, 630.0, 157.5, 212.0]
[50.0, 716.0, 179.0, 204.0]
[44.0, 684.0, 171.0, 216.0]
[51.0, 650.0, 162.5, 230.0]
[45.0, 632.0, 158.0, 198.0]
[41.0, 662.0, 165.5, 220.0]
[48.0, 618.0, 154.5, 284.0]
[35.0, 576.0, 144.0, 208.0]
[44.0, 670.0, 167.5, 190.0]
[43.0, 618.0, 154.5, 188.0]
[43.0, 640.0, 160.0, 234.0]
[38.0, 586.0, 146.5, 210.0]
[50.0, 628.0, 157.0, 182.0]
[40.0, 620.0, 155.0, 226.0]
[49.0, 598.0, 149.5, 226.0]
[62.0, 584.0, 146.0, 282.0]
[39.0, 556.0, 139.0, 266.0]
[50.0, 638.0, 159.5, 200.0]
[46.0, 592.0, 148.0, 220.0]
[46.0, 660.0, 165.0, 212.0]
[71.0, 700.0, 175.0, 260.0]
[40.0, 614.0, 153.5, 176.0]
[55.0, 694.0, 173.5, 238.0]
[56.0, 606.0, 151.5, 300.0]
[47.0, 642.0, 160.5, 174.0]
[49.0, 662.0, 165.5, 216.0]
[53.0, 646.0, 161.5, 194.0]
[50.0, 618.0, 154.5, 208.0]
[34.0, 576.0, 144.0, 194.0]
[43.0, 670.0, 167.5, 184.0]
[39.0, 606.0, 151.5, 192.0]
[48.0, 610.0, 152.5, 254.0]
[41.0, 606.0, 151.5, 174.0]
[53.0, 620.0, 155.0, 234.0]
[56.0, 574.0, 143.5, 290.0]
[39.0, 598.0, 149.5, 214.0]
[59.0, 676.0, 169.0, 266.0]
[51.0, 634.0, 158.5, 220.0]
[50.0, 630.0, 157.5, 188.0]
[44.0, 630.0, 157.5, 196.0]
[48.0, 586.0, 146.5, 274.0]
[44.0, 634.0, 158.5, 176.0]
[39.0, 596.0, 149.0, 186.0]
[35.0, 532.0, 133.0, 188.0]
[51.0, 596.0, 149.0, 260.0]
[48.0, 646.0, 161.5, 224.0]
[66.0, 714.0, 178.5, 224.0]
[44.0, 630.0, 157.5, 216.0]
[47.0, 652.0, 163.0, 190.0]
[46.0, 590.0, 147.5, 220.0]
[32.0, 510.0, 127.5, 142.0]
[47.0, 666.0, 166.5, 192.0]
[48.0, 620.0, 155.0, 234.0]
[52.0, 688.0, 172.0, 214.0]
[52.0, 592.0, 148.0, 222.0]
[37.0, 608.0, 152.0, 192.0]
[44.0, 684.0, 171.0, 216.0]
[71.0, 740.0, 185.0, 260.0]
[38.0, 638.0, 159.5, 204.0]
[58.0, 656.0, 164.0, 224.0]
[45.0, 622.0, 155.5, 224.0]
[50.0, 608.0, 152.0, 178.0]
[47.0, 522.0, 130.5, 252.0]
[47.0, 608.0, 152.0, 190.0]
[49.0, 662.0, 165.5, 172.0]
[49.0, 612.0, 153.0, 246.0]
[46.0, 652.0, 163.0, 230.0]
[47.0, 660.0, 165.0, 192.0]
[45.0, 678.0, 169.5, 214.0]
[49.0, 704.0, 176.0, 190.0]
[51.0, 648.0, 162.0, 220.0]
[41.0, 586.0, 146.5, 190.0]
[38.0, 552.0, 138.0, 204.0]
[49.0, 680.0, 170.0, 186.0]
[47.0, 668.0, 167.0, 232.0]
[37.0, 646.0, 161.5, 182.0]
[41.0, 610.0, 152.5, 200.0]
[68.0, 696.0, 174.0, 334.0]
[51.0, 654.0, 163.5, 190.0]
[48.0, 658.0, 164.5, 224.0]
[40.0, 602.0, 150.5, 208.0]
[50.0, 610.0, 152.5, 228.0]
[39.0, 642.0, 160.5, 198.0]
[40.0, 594.0, 148.5, 178.0]
[36.0, 596.0, 149.0, 170.0]
[35.0, 628.0, 157.0, 198.0]
[45.0, 620.0, 155.0, 218.0]
[45.0, 598.0, 149.5, 178.0]
[57.0, 686.0, 171.5, 232.0]
[42.0, 610.0, 152.5, 212.0]
[63.0, 640.0, 160.0, 244.0]
[54.0, 690.0, 172.5, 246.0]
[41.0, 542.0, 135.5, 228.0]
[39.0, 652.0, 163.0, 196.0]
[37.0, 622.0, 155.5, 172.0]
[45.0, 646.0, 161.5, 258.0]
[45.0, 636.0, 159.0, 206.0]
[34.0, 588.0, 147.0, 162.0]
[40.0, 616.0, 154.0, 182.0]
[40.0, 654.0, 163.5, 218.0]
[47.0, 658.0, 164.5, 232.0]
[54.0, 682.0, 170.5, 236.0]
[37.0, 640.0, 160.0, 192.0]
[47.0, 668.0, 167.0, 192.0]
[48.0, 668.0, 167.0, 224.0]
[52.0, 670.0, 167.5, 198.0]
[38.0, 622.0, 155.5, 224.0]
[46.0, 624.0, 156.0, 280.0]
[53.0, 690.0, 172.5, 208.0]
[47.0, 658.0, 164.5, 232.0]
[41.0, 600.0, 150.0, 200.0]
[55.0, 602.0, 150.5, 258.0]
[34.0, 592.0, 148.0, 196.0]
[57.0, 570.0, 142.5, 224.0]
[58.0, 610.0, 152.5, 294.0]
[35.0, 626.0, 156.5, 188.0]
[39.0, 618.0, 154.5, 206.0]
[43.0, 610.0, 152.5, 200.0]
[44.0, 598.0, 149.5, 244.0]
[45.0, 640.0, 160.0, 218.0]
[47.0, 578.0, 144.5, 212.0]
[48.0, 634.0, 158.5, 214.0]
[35.0, 608.0, 152.0, 208.0]
[39.0, 622.0, 155.5, 192.0]
[52.0, 644.0, 161.0, 230.0]
[49.0, 650.0, 162.5, 236.0]
[31.0, 490.0, 122.5, 170.0]
[53.0, 664.0, 166.0, 194.0]
[52.0, 652.0, 163.0, 222.0]
[51.0, 674.0, 168.5, 230.0]
[42.0, 630.0, 157.5, 180.0]
[40.0, 546.0, 136.5, 188.0]
[48.0, 658.0, 164.5, 190.0]
[43.0, 658.0, 164.5, 204.0]
[53.0, 662.0, 165.5, 234.0]
[47.0, 676.0, 169.0, 222.0]
[44.0, 652.0, 163.0, 196.0]
[54.0, 610.0, 152.5, 296.0]
[56.0, 668.0, 167.0, 210.0]
[45.0, 656.0, 164.0, 208.0]
[35.0, 568.0, 142.0, 168.0]
[49.0, 696.0, 174.0, 200.0]
[50.0, 662.0, 165.5, 208.0]
[48.0, 630.0, 157.5, 184.0]
[46.0, 660.0, 165.0, 224.0]
[40.0, 620.0, 155.0, 188.0]
[47.0, 670.0, 167.5, 182.0]
[41.0, 556.0, 139.0, 190.0]
[41.0, 650.0, 162.5, 190.0]
[40.0, 592.0, 148.0, 172.0]
[37.0, 540.0, 135.0, 152.0]
[47.0, 678.0, 169.5, 202.0]
[47.0, 690.0, 172.5, 236.0]
[53.0, 642.0, 160.5, 204.0]
[42.0, 612.0, 153.0, 212.0]
[43.0, 568.0, 142.0, 214.0]
[38.0, 610.0, 152.5, 188.0]
[45.0, 636.0, 159.0, 188.0]
[53.0, 606.0, 151.5, 254.0]
[44.0, 560.0, 140.0, 232.0]
[49.0, 642.0, 160.5, 206.0]
[48.0, 618.0, 154.5, 174.0]
[46.0, 590.0, 147.5, 230.0]
[49.0, 712.0, 178.0, 216.0]
[41.0, 562.0, 140.5, 170.0]
[52.0, 652.0, 163.0, 212.0]
[60.0, 670.0, 167.5, 188.0]
[55.0, 658.0, 164.5, 248.0]
[45.0, 622.0, 155.5, 188.0]
[43.0, 636.0, 159.0, 212.0]
[50.0, 592.0, 148.0, 238.0]
[52.0, 600.0, 150.0, 232.0]
[51.0, 608.0, 152.0, 250.0]
[50.0, 594.0, 148.5, 218.0]
[43.0, 592.0, 148.0, 234.0]
[46.0, 648.0, 162.0, 208.0]
[34.0, 570.0, 142.5, 186.0]
[46.0, 666.0, 166.5, 228.0]
[46.0, 670.0, 167.5, 210.0]
[43.0, 604.0, 151.0, 214.0]
[42.0, 616.0, 154.0, 202.0]
[44.0, 554.0, 138.5, 236.0]
[48.0, 590.0, 147.5, 218.0]
[56.0, 572.0, 143.0, 300.0]
[55.0, 644.0, 161.0, 218.0]
[42.0, 608.0, 152.0, 192.0]
[54.0, 638.0, 159.5, 276.0]
[44.0, 646.0, 161.5, 186.0]
[60.0, 614.0, 153.5, 248.0]
[52.0, 646.0, 161.5, 282.0]
[38.0, 588.0, 147.0, 174.0]
[43.0, 640.0, 160.0, 184.0]
[48.0, 636.0, 159.0, 204.0]
[48.0, 628.0, 157.0, 204.0]
[39.0, 658.0, 164.5, 194.0]
[41.0, 648.0, 162.0, 192.0]
[41.0, 596.0, 149.0, 204.0]
[49.0, 614.0, 153.5, 236.0]
[42.0, 668.0, 167.0, 212.0]
[38.0, 602.0, 150.5, 214.0]
[52.0, 638.0, 159.5, 270.0]
[44.0, 610.0, 152.5, 222.0]
[46.0, 574.0, 143.5, 240.0]
[44.0, 624.0, 156.0, 178.0]
[45.0, 684.0, 171.0, 198.0]
[44.0, 678.0, 169.5, 204.0]
[53.0, 662.0, 165.5, 264.0]
[50.0, 668.0, 167.0, 248.0]
[41.0, 592.0, 148.0, 210.0]
[48.0, 590.0, 147.5, 220.0]
[44.0, 546.0, 136.5, 196.0]
[45.0, 620.0, 155.0, 228.0]
[46.0, 688.0, 172.0, 188.0]
[40.0, 636.0, 159.0, 208.0]
[46.0, 680.0, 170.0, 174.0]
[48.0, 594.0, 148.5, 234.0]
[46.0, 650.0, 162.5, 220.0]
[48.0, 622.0, 155.5, 190.0]
[47.0, 606.0, 151.5, 194.0]
[52.0, 686.0, 171.5, 212.0]
[53.0, 604.0, 151.0, 264.0]
[43.0, 610.0, 152.5, 234.0]
[70.0, 710.0, 177.5, 268.0]
[52.0, 610.0, 152.5, 242.0]
[43.0, 640.0, 160.0, 184.0]
[35.0, 584.0, 146.0, 200.0]
[48.0, 646.0, 161.5, 274.0]
[52.0, 636.0, 159.0, 272.0]
[40.0, 596.0, 149.0, 218.0]
[48.0, 644.0, 161.0, 196.0]
[40.0, 588.0, 147.0, 172.0]
[39.0, 604.0, 151.0, 226.0]
[44.0, 652.0, 163.0, 222.0]
[45.0, 600.0, 150.0, 258.0]
[43.0, 652.0, 163.0, 206.0]
[54.0, 686.0, 171.5, 246.0]
[43.0, 656.0, 164.0, 224.0]
[42.0, 594.0, 148.5, 208.0]
[37.0, 616.0, 154.0, 188.0]
[42.0, 602.0, 150.5, 262.0]
[45.0, 716.0, 179.0, 190.0]
[50.0, 670.0, 167.5, 180.0]
[48.0, 690.0, 172.5, 244.0]
[39.0, 590.0, 147.5, 246.0]
[35.0, 550.0, 137.5, 168.0]
[43.0, 628.0, 157.0, 178.0]
[50.0, 630.0, 157.5, 228.0]
[37.0, 618.0, 154.5, 208.0]
[46.0, 650.0, 162.5, 190.0]
[41.0, 636.0, 159.0, 202.0]
[51.0, 646.0, 161.5, 220.0]
[40.0, 588.0, 147.0, 238.0]
[36.0, 614.0, 153.5, 210.0]
[47.0, 646.0, 161.5, 182.0]
[49.0, 712.0, 178.0, 226.0]
[41.0, 622.0, 155.5, 200.0]
[47.0, 636.0, 159.0, 182.0]
[37.0, 616.0, 154.0, 182.0]
[49.0, 716.0, 179.0, 266.0]
[49.0, 642.0, 160.5, 226.0]
[42.0, 632.0, 158.0, 242.0]
[42.0, 630.0, 157.5, 188.0]
[45.0, 542.0, 135.5, 198.0]
[52.0, 702.0, 175.5, 202.0]
[43.0, 586.0, 146.5, 206.0]
[51.0, 712.0, 178.0, 220.0]
[42.0, 614.0, 153.5, 242.0]
[46.0, 562.0, 140.5, 190.0]
[49.0, 684.0, 171.0, 208.0]
[46.0, 682.0, 170.5, 210.0]
[48.0, 662.0, 165.5, 204.0]
[43.0, 578.0, 144.5, 194.0]
[46.0, 652.0, 163.0, 190.0]
[48.0, 692.0, 173.0, 214.0]
[40.0, 580.0, 145.0, 218.0]
[48.0, 642.0, 160.5, 178.0]
[35.0, 512.0, 128.0, 168.0]
[46.0, 638.0, 159.5, 182.0]
[56.0, 718.0, 179.5, 270.0]
[39.0, 628.0, 157.0, 200.0]
[48.0, 608.0, 152.0, 204.0]
[53.0, 668.0, 167.0, 194.0]
[34.0, 622.0, 155.5, 166.0]
[46.0, 562.0, 140.5, 216.0]
[46.0, 672.0, 168.0, 182.0]
[40.0, 618.0, 154.5, 216.0]
[52.0, 650.0, 162.5, 232.0]
[43.0, 608.0, 152.0, 194.0]
[37.0, 558.0, 139.5, 162.0]
[46.0, 606.0, 151.5, 240.0]
[46.0, 688.0, 172.0, 210.0]
[46.0, 646.0, 161.5, 238.0]
[53.0, 684.0, 171.0, 214.0]
[50.0, 616.0, 154.0, 228.0]
[41.0, 644.0, 161.0, 200.0]
[50.0, 622.0, 155.5, 238.0]
[42.0, 694.0, 173.5, 182.0]
[38.0, 564.0, 141.0, 164.0]
[43.0, 550.0, 137.5, 206.0]
[58.0, 740.0, 185.0, 286.0]
[38.0, 590.0, 147.5, 224.0]
[35.0, 608.0, 152.0, 196.0]
[53.0, 670.0, 167.5, 234.0]
[40.0, 574.0, 143.5, 198.0]
[40.0, 580.0, 145.0, 228.0]
[39.0, 650.0, 162.5, 216.0]
[47.0, 688.0, 172.0, 200.0]
[48.0, 648.0, 162.0, 244.0]
[50.0, 648.0, 162.0, 218.0]
[45.0, 614.0, 153.5, 198.0]
[32.0, 522.0, 130.5, 178.0]
[38.0, 590.0, 147.5, 186.0]
[48.0, 558.0, 139.5, 210.0]
[51.0, 674.0, 168.5, 260.0]
[40.0, 642.0, 160.5, 184.0]
[46.0, 586.0, 146.5, 260.0]
[42.0, 616.0, 154.0, 226.0]
[32.0, 566.0, 141.5, 180.0]
[47.0, 684.0, 171.0, 242.0]
[41.0, 602.0, 150.5, 188.0]
[36.0, 538.0, 134.5, 190.0]
[40.0, 630.0, 157.5, 178.0]
[48.0, 656.0, 164.0, 258.0]
[47.0, 620.0, 155.0, 232.0]
[43.0, 654.0, 163.5, 204.0]
[50.0, 634.0, 158.5, 228.0]
[47.0, 584.0, 146.0, 242.0]
[40.0, 588.0, 147.0, 186.0]
[41.0, 640.0, 160.0, 180.0]
[48.0, 574.0, 143.5, 254.0]
[50.0, 586.0, 146.5, 268.0]
[58.0, 630.0, 157.5, 210.0]
[35.0, 578.0, 144.5, 198.0]
[39.0, 632.0, 158.0, 180.0]
[42.0, 644.0, 161.0, 220.0]
[42.0, 570.0, 142.5, 212.0]
[53.0, 636.0, 159.0, 176.0]
[33.0, 588.0, 147.0, 212.0]
[42.0, 620.0, 155.0, 220.0]
[47.0, 630.0, 157.5, 218.0]
[55.0, 630.0, 157.5, 198.0]
[39.0, 596.0, 149.0, 206.0]
[59.0, 606.0, 151.5, 276.0]
[45.0, 606.0, 151.5, 196.0]
[37.0, 570.0, 142.5, 172.0]
[52.0, 640.0, 160.0, 196.0]
[37.0, 572.0, 143.0, 210.0]
[49.0, 598.0, 149.5, 244.0]
[33.0, 582.0, 145.5, 182.0]
[48.0, 658.0, 164.5, 224.0]
[42.0, 600.0, 150.0, 198.0]
[42.0, 650.0, 162.5, 220.0]
[48.0, 572.0, 143.0, 204.0]
[42.0, 634.0, 158.5, 192.0]
[39.0, 620.0, 155.0, 192.0]
[53.0, 604.0, 151.0, 258.0]
[35.0, 632.0, 158.0, 178.0]
[53.0, 714.0, 178.5, 238.0]
[50.0, 662.0, 165.5, 208.0]
[40.0, 608.0, 152.0, 182.0]
[42.0, 582.0, 145.5, 202.0]
[44.0, 658.0, 164.5, 200.0]
[51.0, 584.0, 146.0, 250.0]
[38.0, 516.0, 129.0, 184.0]
[42.0, 610.0, 152.5, 202.0]
[43.0, 638.0, 159.5, 194.0]
[37.0, 582.0, 145.5, 192.0]
[51.0, 660.0, 165.0, 214.0]
[36.0, 570.0, 142.5, 240.0]
[54.0, 582.0, 145.5, 286.0]
[37.0, 580.0, 145.0, 212.0]
[40.0, 558.0, 139.5, 228.0]
[51.0, 690.0, 172.5, 212.0]
[44.0, 618.0, 154.5, 186.0]
[47.0, 730.0, 182.5, 212.0]
[45.0, 644.0, 161.0, 208.0]
[41.0, 606.0, 151.5, 220.0]
[49.0, 600.0, 150.0, 226.0]
[48.0, 696.0, 174.0, 240.0]
[46.0, 648.0, 162.0, 220.0]
[43.0, 648.0, 162.0, 194.0]
[40.0, 554.0, 138.5, 178.0]
[45.0, 616.0, 154.0, 228.0]
[39.0, 650.0, 162.5, 176.0]
[39.0, 624.0, 156.0, 228.0]
[41.0, 568.0, 142.0, 210.0]
[36.0, 544.0, 136.0, 200.0]
[42.0, 608.0, 152.0, 192.0]
[58.0, 694.0, 173.5, 274.0]
[44.0, 652.0, 163.0, 216.0]
[58.0, 718.0, 179.5, 244.0]
[43.0, 678.0, 169.5, 258.0]
[52.0, 616.0, 154.0, 222.0]
[43.0, 624.0, 156.0, 188.0]
[43.0, 578.0, 144.5, 294.0]
[45.0, 626.0, 156.5, 178.0]
[45.0, 642.0, 160.5, 198.0]
[46.0, 700.0, 175.0, 200.0]
[41.0, 636.0, 159.0, 190.0]
[60.0, 678.0, 169.5, 248.0]
[46.0, 682.0, 170.5, 198.0]
[50.0, 648.0, 162.0, 238.0]
[47.0, 612.0, 153.0, 182.0]
[51.0, 644.0, 161.0, 230.0]
[53.0, 688.0, 172.0, 184.0]
[47.0, 678.0, 169.5, 202.0]
[56.0, 646.0, 161.5, 230.0]
[46.0, 678.0, 169.5, 198.0]
[38.0, 634.0, 158.5, 180.0]
[41.0, 616.0, 154.0, 198.0]
[45.0, 658.0, 164.5, 202.0]
[47.0, 614.0, 153.5, 234.0]
[50.0, 670.0, 167.5, 192.0]
[47.0, 640.0, 160.0, 180.0]
[44.0, 606.0, 151.5, 168.0]
[53.0, 620.0, 155.0, 254.0]
[51.0, 596.0, 149.0, 200.0]
[41.0, 624.0, 156.0, 188.0]
[44.0, 672.0, 168.0, 186.0]
[53.0, 672.0, 168.0, 204.0]
[49.0, 652.0, 163.0, 206.0]
[39.0, 636.0, 159.0, 186.0]
[51.0, 602.0, 150.5, 230.0]
[41.0, 632.0, 158.0, 196.0]
[43.0, 622.0, 155.5, 164.0]
[52.0, 608.0, 152.0, 212.0]
[38.0, 604.0, 151.0, 184.0]
[49.0, 688.0, 172.0, 246.0]
[39.0, 610.0, 152.5, 242.0]
[48.0, 652.0, 163.0, 204.0]
[53.0, 620.0, 155.0, 244.0]
[41.0, 610.0, 152.5, 184.0]
[52.0, 710.0, 177.5, 202.0]
[61.0, 644.0, 161.0, 190.0]
[50.0, 678.0, 169.5, 238.0]
[46.0, 630.0, 157.5, 218.0]
[38.0, 602.0, 150.5, 204.0]
[46.0, 588.0, 147.0, 240.0]
[49.0, 642.0, 160.5, 216.0]
[44.0, 666.0, 166.5, 246.0]
[50.0, 644.0, 161.0, 228.0]
[43.0, 704.0, 176.0, 204.0]
[36.0, 590.0, 147.5, 210.0]
[45.0, 582.0, 145.5, 202.0]
[48.0, 606.0, 151.5, 244.0]
[49.0, 654.0, 163.5, 236.0]
[47.0, 642.0, 160.5, 212.0]
[36.0, 626.0, 156.5, 198.0]
[42.0, 596.0, 149.0, 222.0]
[46.0, 640.0, 160.0, 186.0]
[47.0, 578.0, 144.5, 190.0]
[37.0, 542.0, 135.5, 146.0]
[39.0, 638.0, 159.5, 168.0]
[55.0, 638.0, 159.5, 252.0]
[43.0, 636.0, 159.0, 198.0]
[53.0, 692.0, 173.0, 234.0]
[48.0, 612.0, 153.0, 214.0]
[37.0, 574.0, 143.5, 168.0]
[39.0, 646.0, 161.5, 206.0]
[38.0, 570.0, 142.5, 178.0]
[47.0, 682.0, 170.5, 200.0]
[46.0, 636.0, 159.0, 240.0]
[45.0, 588.0, 147.0, 172.0]
[43.0, 604.0, 151.0, 184.0]
[64.0, 682.0, 170.5, 276.0]
[54.0, 632.0, 158.0, 256.0]
[45.0, 662.0, 165.5, 178.0]
[43.0, 630.0, 157.5, 202.0]
[40.0, 606.0, 151.5, 204.0]
[41.0, 634.0, 158.5, 190.0]
[39.0, 612.0, 153.0, 206.0]
[50.0, 680.0, 170.0, 208.0]
[41.0, 576.0, 144.0, 230.0]
[47.0, 646.0, 161.5, 186.0]
[36.0, 528.0, 132.0, 182.0]
[46.0, 652.0, 163.0, 190.0]
[46.0, 584.0, 146.0, 200.0]
[45.0, 634.0, 158.5, 208.0]
[47.0, 628.0, 157.0, 222.0]
[38.0, 628.0, 157.0, 194.0]
[52.0, 590.0, 147.5, 192.0]
[40.0, 632.0, 158.0, 206.0]
[49.0, 668.0, 167.0, 196.0]
[39.0, 634.0, 158.5, 236.0]
[40.0, 636.0, 159.0, 184.0]
[48.0, 636.0, 159.0, 264.0]
[38.0, 628.0, 157.0, 212.0]
[55.0, 610.0, 152.5, 228.0]
[39.0, 626.0, 156.5, 224.0]
[36.0, 618.0, 154.5, 212.0]
[36.0, 596.0, 149.0, 180.0]
[38.0, 590.0, 147.5, 160.0]
[53.0, 668.0, 167.0, 214.0]
[37.0, 592.0, 148.0, 192.0]
[50.0, 674.0, 168.5, 218.0]
[46.0, 684.0, 171.0, 210.0]
[47.0, 622.0, 155.5, 206.0]
Averages:
[45.986, 632.301, 158.07525, 211.5748]