[51.0, 526.0, 131.5, 190.0]
[29.0, 426.0, 106.5, 176.0]
[32.0, 504.0, 126.0, 182.0]
[68.0, 542.0, 135.5, 254.0]
[31.0, 498.0, 124.5, 218.0]
[66.0, 492.0, 123.0, 290.0]
[39.0, 534.0, 133.5, 262.0]
[60.0, 590.0, 147.5, 268.0]
[42.0, 516.0, 129.0, 252.0]
[46.0, 422.0, 105.5, 250.0]
[30.0, 516.0, 129.0, 174.0]
[42.0, 438.0, 109.5, 292.0]
[39.0, 582.0, 145.5, 266.0]
[48.0, 524.0, 131.0, 196.0]
[44.0, 568.0, 142.0, 202.0]
[42.0, 550.0, 137.5, 212.0]
[43.0, 500.0, 125.0, 244.0]
[44.0, 504.0, 126.0, 246.0]
[46.0, 444.0, 111.0, 280.0]
[41.0, 492.0, 123.0, 240.0]
[40.0, 576.0, 144.0, 180.0]
[48.0, 554.0, 138.5, 204.0]
[50.0, 486.0, 121.5, 284.0]
[37.0, 480.0, 120.0, 212.0]
[43.0, 464.0, 116.0, 284.0]
[45.0, 466.0, 116.5, 238.0]
[41.0, 550.0, 137.5, 162.0]
[36.0, 488.0, 122.0, 160.0]
[31.0, 486.0, 121.5, 182.0]
[38.0, 412.0, 103.0, 274.0]
[45.0, 572.0, 143.0, 182.0]
[45.0, 528.0, 132.0, 188.0]
[36.0, 476.0, 119.0, 200.0]
[40.0, 574.0, 143.5, 196.0]
[49.0, 608.0, 152.0, 202.0]
[52.0, 530.0, 132.5, 212.0]
[25.0, 450.0, 112.5, 198.0]
[30.0, 476.0, 119.0, 192.0]
[55.0, 560.0, 140.0, 238.0]
[56.0, 490.0, 122.5, 280.0]
[38.0, 546.0, 136.5, 206.0]
[34.0, 544.0, 136.0, 172.0]
[36.0, 486.0, 121.5, 160.0]
[42.0, 548.0, 137.0, 202.0]
[59.0, 484.0, 121.0, 326.0]
[41.0, 560.0, 140.0, 216.0]
[35.0, 438.0, 109.5, 188.0]
[49.0, 528.0, 132.0, 276.0]
[41.0, 466.0, 116.5, 260.0]
[46.0, 520.0, 130.0, 230.0]
[33.0, 460.0, 115.0, 194.0]
[33.0, 492.0, 123.0, 208.0]
[56.0, 584.0, 146.0, 240.0]
[31.0, 470.0, 117.5, 200.0]
[34.0, 526.0, 131.5, 216.0]
[38.0, 482.0, 120.5, 204.0]
[35.0, 510.0, 127.5, 198.0]
[29.0, 426.0, 106.5, 216.0]
[43.0, 606.0, 151.5, 208.0]
[42.0, 478.0, 119.5, 282.0]
[39.0, 502.0, 125.5, 226.0]
[34.0, 526.0, 131.5, 186.0]
[43.0, 484.0, 121.0, 264.0]
[50.0, 454.0, 113.5, 248.0]
[45.0, 436.0, 109.0, 278.0]
[52.0, 564.0, 141.0, 182.0]
[37.0, 454.0, 113.5, 246.0]
[49.0, 560.0, 140.0, 188.0]
[66.0, 442.0, 110.5, 360.0]
[35.0, 406.0, 101.5, 288.0]
[39.0, 548.0, 137.0, 212.0]
[36.0, 476.0, 119.0, 210.0]
[52.0, 510.0, 127.5, 258.0]
[44.0, 500.0, 125.0, 226.0]
[37.0, 412.0, 103.0, 282.0]
[48.0, 520.0, 130.0, 214.0]
[35.0, 506.0, 126.5, 198.0]
[38.0, 494.0, 123.5, 184.0]
[47.0, 548.0, 137.0, 172.0]
[42.0, 516.0, 129.0, 200.0]
[38.0, 536.0, 134.0, 174.0]
[48.0, 556.0, 139.0, 274.0]
[35.0, 472.0, 118.0, 278.0]
[45.0, 532.0, 133.0, 218.0]
[23.0, 470.0, 117.5, 184.0]
[32.0, 488.0, 122.0, 152.0]
[39.0, 604.0, 151.0, 166.0]
[62.0, 564.0, 141.0, 242.0]
[40.0, 404.0, 101.0, 298.0]
[49.0, 388.0, 97.0, 326.0]
[38.0, 496.0, 124.0, 168.0]
[36.0, 454.0, 113.5, 236.0]
[36.0, 460.0, 115.0, 152.0]
[27.0, 412.0, 103.0, 162.0]
[41.0, 422.0, 105.5, 230.0]
[30.0, 460.0, 115.0, 208.0]
[52.0, 580.0, 145.0, 178.0]
[41.0, 562.0, 140.5, 210.0]
[36.0, 462.0, 115.5, 200.0]
[33.0, 486.0, 121.5, 212.0]
[32.0, 392.0, 98.0, 252.0]
[48.0, 506.0, 126.5, 214.0]
[52.0, 554.0, 138.5, 222.0]
[38.0, 488.0, 122.0, 244.0]
[64.0, 580.0, 145.0, 226.0]
[49.0, 482.0, 120.5, 336.0]
[36.0, 348.0, 87.0, 250.0]
[28.0, 516.0, 129.0, 214.0]
[49.0, 518.0, 129.5, 216.0]
[35.0, 418.0, 104.5, 258.0]
[35.0, 510.0, 127.5, 198.0]
[48.0, 462.0, 115.5, 232.0]
[47.0, 470.0, 117.5, 270.0]
[47.0, 526.0, 131.5, 252.0]
[45.0, 444.0, 111.0, 308.0]
[46.0, 492.0, 123.0, 300.0]
[29.0, 426.0, 106.5, 216.0]
[39.0, 516.0, 129.0, 176.0]
[40.0, 418.0, 104.5, 238.0]
[35.0, 492.0, 123.0, 182.0]
[55.0, 504.0, 126.0, 198.0]
[34.0, 476.0, 119.0, 182.0]
[36.0, 446.0, 111.5, 220.0]
[27.0, 410.0, 102.5, 210.0]
[43.0, 556.0, 139.0, 234.0]
[45.0, 536.0, 134.0, 258.0]
[44.0, 604.0, 151.0, 186.0]
[30.0, 476.0, 119.0, 198.0]
[47.0, 540.0, 135.0, 248.0]
[37.0, 518.0, 129.5, 212.0]
[47.0, 528.0, 132.0, 210.0]
[34.0, 502.0, 125.5, 246.0]
[41.0, 458.0, 114.5, 240.0]
[28.0, 466.0, 116.5, 184.0]
[39.0, 394.0, 98.5, 186.0]
[31.0, 456.0, 114.0, 210.0]
[40.0, 564.0, 141.0, 190.0]
[32.0, 514.0, 128.5, 158.0]
[58.0, 586.0, 146.5, 234.0]
[51.0, 434.0, 108.5, 290.0]
[33.0, 492.0, 123.0, 162.0]
[42.0, 570.0, 142.5, 196.0]
[34.0, 456.0, 114.0, 186.0]
[32.0, 462.0, 115.5, 212.0]
[41.0, 496.0, 124.0, 240.0]
[43.0, 552.0, 138.0, 238.0]
[51.0, 496.0, 124.0, 236.0]
[43.0, 528.0, 132.0, 244.0]
[47.0, 516.0, 129.0, 192.0]
[44.0, 534.0, 133.5, 172.0]
[30.0, 452.0, 113.0, 206.0]
[36.0, 518.0, 129.5, 194.0]
[48.0, 566.0, 141.5, 214.0]
[35.0, 460.0, 115.0, 198.0]
[43.0, 440.0, 110.0, 228.0]
[33.0, 542.0, 135.5, 184.0]
[40.0, 528.0, 132.0, 184.0]
[54.0, 528.0, 132.0, 226.0]
[47.0, 632.0, 158.0, 180.0]
[43.0, 568.0, 142.0, 204.0]
[39.0, 482.0, 120.5, 216.0]
[48.0, 624.0, 156.0, 196.0]
[58.0, 480.0, 120.0, 224.0]
[38.0, 406.0, 101.5, 244.0]
[49.0, 478.0, 119.5, 202.0]
[40.0, 520.0, 130.0, 218.0]
[42.0, 532.0, 133.0, 172.0]
[35.0, 520.0, 130.0, 188.0]
[45.0, 532.0, 133.0, 238.0]
[41.0, 500.0, 125.0, 230.0]
[52.0, 540.0, 135.0, 272.0]
[38.0, 556.0, 139.0, 158.0]
[38.0, 346.0, 86.5, 314.0]
[50.0, 418.0, 104.5, 348.0]
[34.0, 476.0, 119.0, 202.0]
[46.0, 598.0, 149.5, 220.0]
[37.0, 380.0, 95.0, 302.0]
[38.0, 516.0, 129.0, 188.0]
[52.0, 520.0, 130.0, 172.0]
[38.0, 536.0, 134.0, 214.0]
[34.0, 554.0, 138.5, 274.0]
[44.0, 548.0, 137.0, 206.0]
[50.0, 570.0, 142.5, 298.0]
[61.0, 542.0, 135.5, 260.0]
[36.0, 514.0, 128.5, 190.0]
[46.0, 478.0, 119.5, 240.0]
[48.0, 528.0, 132.0, 314.0]
[48.0, 440.0, 110.0, 314.0]
[32.0, 438.0, 109.5, 262.0]
[34.0, 494.0, 123.5, 216.0]
[56.0, 522.0, 130.5, 340.0]
[31.0, 464.0, 116.0, 200.0]
[35.0, 506.0, 126.5, 218.0]
[48.0, 514.0, 128.5, 208.0]
[45.0, 420.0, 105.0, 298.0]
[51.0, 504.0, 126.0, 300.0]
[39.0, 514.0, 128.5, 170.0]
[44.0, 468.0, 117.0, 246.0]
[39.0, 538.0, 134.5, 196.0]
[60.0, 616.0, 154.0, 198.0]
[33.0, 480.0, 120.0, 158.0]
[37.0, 528.0, 132.0, 192.0]
[44.0, 454.0, 113.5, 244.0]
[45.0, 462.0, 115.5, 298.0]
[49.0, 592.0, 148.0, 266.0]
[39.0, 556.0, 139.0, 176.0]
[30.0, 438.0, 109.5, 178.0]
[55.0, 518.0, 129.5, 188.0]
[34.0, 500.0, 125.0, 256.0]
[33.0, 462.0, 115.5, 224.0]
[44.0, 466.0, 116.5, 236.0]
[36.0, 516.0, 129.0, 192.0]
[67.0, 518.0, 129.5, 240.0]
[28.0, 424.0, 106.0, 184.0]
[40.0, 482.0, 120.5, 198.0]
[55.0, 526.0, 131.5, 218.0]
[37.0, 462.0, 115.5, 206.0]
[42.0, 546.0, 136.5, 210.0]
[56.0, 586.0, 146.5, 184.0]
[63.0, 620.0, 155.0, 244.0]
[37.0, 546.0, 136.5, 202.0]
[43.0, 480.0, 120.0, 210.0]
[29.0, 472.0, 118.0, 166.0]
[34.0, 442.0, 110.5, 186.0]
[38.0, 442.0, 110.5, 212.0]
[45.0, 544.0, 136.0, 190.0]
[37.0, 466.0, 116.5, 262.0]
[34.0, 438.0, 109.5, 222.0]
[49.0, 592.0, 148.0, 236.0]
[42.0, 500.0, 125.0, 232.0]
[35.0, 462.0, 115.5, 208.0]
[41.0, 536.0, 134.0, 200.0]
[45.0, 544.0, 136.0, 218.0]
[34.0, 498.0, 124.5, 196.0]
[45.0, 624.0, 156.0, 254.0]
[46.0, 516.0, 129.0, 232.0]
[39.0, 456.0, 114.0, 256.0]
[38.0, 484.0, 121.0, 158.0]
[35.0, 452.0, 113.0, 258.0]
[39.0, 570.0, 142.5, 196.0]
[41.0, 544.0, 136.0, 190.0]
[31.0, 418.0, 104.5, 240.0]
[48.0, 550.0, 137.5, 284.0]
[35.0, 460.0, 115.0, 248.0]
[39.0, 482.0, 120.5, 176.0]
[41.0, 434.0, 108.5, 234.0]
[37.0, 458.0, 114.5, 212.0]
[48.0, 508.0, 127.0, 194.0]
[43.0, 536.0, 134.0, 204.0]
[52.0, 484.0, 121.0, 192.0]
[35.0, 376.0, 94.0, 298.0]
[39.0, 420.0, 105.0, 226.0]
[40.0, 480.0, 120.0, 208.0]
[55.0, 524.0, 131.0, 248.0]
[31.0, 472.0, 118.0, 200.0]
[40.0, 552.0, 138.0, 288.0]
[51.0, 454.0, 113.5, 222.0]
[37.0, 546.0, 136.5, 208.0]
[39.0, 478.0, 119.5, 244.0]
[45.0, 406.0, 101.5, 288.0]
[48.0, 538.0, 134.5, 242.0]
[57.0, 538.0, 134.5, 232.0]
[31.0, 528.0, 132.0, 170.0]
[35.0, 424.0, 106.0, 278.0]
[70.0, 522.0, 130.5, 248.0]
[38.0, 478.0, 119.5, 238.0]
[33.0, 380.0, 95.0, 234.0]
[44.0, 640.0, 160.0, 202.0]
[40.0, 496.0, 124.0, 278.0]
[71.0, 486.0, 121.5, 230.0]
[40.0, 524.0, 131.0, 196.0]
[42.0, 472.0, 118.0, 184.0]
[46.0, 524.0, 131.0, 250.0]
[58.0, 590.0, 147.5, 324.0]
[33.0, 482.0, 120.5, 232.0]
[56.0, 542.0, 135.5, 290.0]
[41.0, 464.0, 116.0, 220.0]
[29.0, 418.0, 104.5, 236.0]
[40.0, 542.0, 135.5, 198.0]
[42.0, 532.0, 133.0, 212.0]
[51.0, 452.0, 113.0, 270.0]
[41.0, 544.0, 136.0, 230.0]
[47.0, 562.0, 140.5, 166.0]
[56.0, 548.0, 137.0, 224.0]
[43.0, 496.0, 124.0, 274.0]
[55.0, 652.0, 163.0, 188.0]
[29.0, 438.0, 109.5, 196.0]
[68.0, 602.0, 150.5, 304.0]
[52.0, 614.0, 153.5, 212.0]
[43.0, 532.0, 133.0, 214.0]
[39.0, 446.0, 111.5, 276.0]
[52.0, 478.0, 119.5, 232.0]
[42.0, 630.0, 157.5, 180.0]
[47.0, 436.0, 109.0, 208.0]
[37.0, 388.0, 97.0, 232.0]
[51.0, 458.0, 114.5, 246.0]
[33.0, 460.0, 115.0, 150.0]
[43.0, 540.0, 135.0, 308.0]
[47.0, 440.0, 110.0, 312.0]
[48.0, 468.0, 117.0, 186.0]
[52.0, 584.0, 146.0, 212.0]
[32.0, 506.0, 126.5, 170.0]
[50.0, 618.0, 154.5, 226.0]
[38.0, 608.0, 152.0, 174.0]
[51.0, 582.0, 145.5, 200.0]
[39.0, 460.0, 115.0, 206.0]
[43.0, 390.0, 97.5, 254.0]
[35.0, 562.0, 140.5, 162.0]
[53.0, 464.0, 116.0, 236.0]
[50.0, 518.0, 129.5, 248.0]
[51.0, 446.0, 111.5, 310.0]
[51.0, 576.0, 144.0, 242.0]
[43.0, 454.0, 113.5, 234.0]
[26.0, 394.0, 98.5, 180.0]
[47.0, 508.0, 127.0, 232.0]
[39.0, 550.0, 137.5, 206.0]
[35.0, 524.0, 131.0, 200.0]
[48.0, 450.0, 112.5, 244.0]
[46.0, 472.0, 118.0, 230.0]
[35.0, 512.0, 128.0, 166.0]
[37.0, 552.0, 138.0, 192.0]
[37.0, 502.0, 125.5, 204.0]
[43.0, 536.0, 134.0, 180.0]
[29.0, 448.0, 112.0, 214.0]
[50.0, 514.0, 128.5, 228.0]
[43.0, 436.0, 109.0, 234.0]
[43.0, 586.0, 146.5, 160.0]
[64.0, 534.0, 133.5, 252.0]
[39.0, 490.0, 122.5, 246.0]
[39.0, 422.0, 105.5, 246.0]
[28.0, 370.0, 92.5, 214.0]
[48.0, 570.0, 142.5, 252.0]
[37.0, 456.0, 114.0, 202.0]
[43.0, 438.0, 109.5, 294.0]
[50.0, 532.0, 133.0, 216.0]
[30.0, 480.0, 120.0, 168.0]
[37.0, 506.0, 126.5, 202.0]
[49.0, 496.0, 124.0, 286.0]
[34.0, 548.0, 137.0, 154.0]
[49.0, 480.0, 120.0, 306.0]
[51.0, 516.0, 129.0, 260.0]
[44.0, 472.0, 118.0, 246.0]
[55.0, 538.0, 134.5, 208.0]
[43.0, 550.0, 137.5, 244.0]
[39.0, 540.0, 135.0, 216.0]
[54.0, 544.0, 136.0, 202.0]
[33.0, 460.0, 115.0, 242.0]
[37.0, 482.0, 120.5, 232.0]
[37.0, 454.0, 113.5, 192.0]
[31.0, 406.0, 101.5, 190.0]
[51.0, 476.0, 119.0, 290.0]
[29.0, 430.0, 107.5, 196.0]
[31.0, 472.0, 118.0, 180.0]
[41.0, 444.0, 111.0, 240.0]
[34.0, 490.0, 122.5, 190.0]
[52.0, 520.0, 130.0, 242.0]
[43.0, 530.0, 132.5, 178.0]
[47.0, 580.0, 145.0, 232.0]
[35.0, 456.0, 114.0, 198.0]
[53.0, 522.0, 130.5, 292.0]
[40.0, 458.0, 114.5, 208.0]
[37.0, 506.0, 126.5, 212.0]
[51.0, 498.0, 124.5, 260.0]
[40.0, 472.0, 118.0, 200.0]
[38.0, 464.0, 116.0, 194.0]
[36.0, 552.0, 138.0, 180.0]
[47.0, 478.0, 119.5, 214.0]
[38.0, 480.0, 120.0, 156.0]
[35.0, 510.0, 127.5, 230.0]
[51.0, 490.0, 122.5, 210.0]
[51.0, 504.0, 126.0, 240.0]
[35.0, 486.0, 121.5, 166.0]
[42.0, 480.0, 120.0, 244.0]
[31.0, 468.0, 117.0, 160.0]
[41.0, 512.0, 128.0, 200.0]
[51.0, 578.0, 144.5, 164.0]
[44.0, 468.0, 117.0, 226.0]
[28.0, 470.0, 117.5, 214.0]
[39.0, 526.0, 131.5, 238.0]
[45.0, 486.0, 121.5, 288.0]
[39.0, 412.0, 103.0, 256.0]
[52.0, 522.0, 130.5, 270.0]
[37.0, 520.0, 130.0, 180.0]
[50.0, 442.0, 110.5, 278.0]
[53.0, 422.0, 105.5, 344.0]
[36.0, 476.0, 119.0, 220.0]
[60.0, 470.0, 117.5, 224.0]
[48.0, 552.0, 138.0, 232.0]
[36.0, 396.0, 99.0, 290.0]
[46.0, 436.0, 109.0, 260.0]
[74.0, 570.0, 142.5, 256.0]
[30.0, 386.0, 96.5, 248.0]
[58.0, 532.0, 133.0, 374.0]
[45.0, 538.0, 134.5, 248.0]
[47.0, 328.0, 82.0, 292.0]
[35.0, 492.0, 123.0, 188.0]
[55.0, 492.0, 123.0, 248.0]
[55.0, 504.0, 126.0, 288.0]
[29.0, 414.0, 103.5, 192.0]
[37.0, 464.0, 116.0, 222.0]
[47.0, 486.0, 121.5, 262.0]
[32.0, 530.0, 132.5, 172.0]
[40.0, 582.0, 145.5, 208.0]
[41.0, 518.0, 129.5, 230.0]
[49.0, 462.0, 115.5, 246.0]
[36.0, 430.0, 107.5, 260.0]
[40.0, 502.0, 125.5, 188.0]
[36.0, 426.0, 106.5, 260.0]
[39.0, 540.0, 135.0, 216.0]
[40.0, 460.0, 115.0, 228.0]
[35.0, 490.0, 122.5, 248.0]
[40.0, 444.0, 111.0, 240.0]
[41.0, 478.0, 119.5, 250.0]
[46.0, 510.0, 127.5, 220.0]
[45.0, 590.0, 147.5, 194.0]
[70.0, 554.0, 138.5, 358.0]
[48.0, 504.0, 126.0, 234.0]
[45.0, 478.0, 119.5, 298.0]
[46.0, 534.0, 133.5, 240.0]
[47.0, 552.0, 138.0, 252.0]
[45.0, 530.0, 132.5, 238.0]
[34.0, 440.0, 110.0, 216.0]
[46.0, 506.0, 126.5, 216.0]
[55.0, 558.0, 139.5, 228.0]
[42.0, 432.0, 108.0, 250.0]
[52.0, 554.0, 138.5, 252.0]
[46.0, 514.0, 128.5, 260.0]
[54.0, 482.0, 120.5, 252.0]
[28.0, 536.0, 134.0, 144.0]
[46.0, 512.0, 128.0, 210.0]
[48.0, 422.0, 105.5, 314.0]
[55.0, 564.0, 141.0, 218.0]
[31.0, 500.0, 125.0, 160.0]
[45.0, 530.0, 132.5, 198.0]
[39.0, 458.0, 114.5, 266.0]
[44.0, 514.0, 128.5, 246.0]
[54.0, 510.0, 127.5, 276.0]
[44.0, 508.0, 127.0, 296.0]
[60.0, 544.0, 136.0, 198.0]
[37.0, 436.0, 109.0, 212.0]
[28.0, 440.0, 110.0, 254.0]
[42.0, 550.0, 137.5, 184.0]
[33.0, 468.0, 117.0, 204.0]
[39.0, 444.0, 111.0, 236.0]
[30.0, 384.0, 96.0, 188.0]
[31.0, 390.0, 97.5, 200.0]
[39.0, 480.0, 120.0, 228.0]
[30.0, 492.0, 123.0, 208.0]
[33.0, 446.0, 111.5, 154.0]
[42.0, 504.0, 126.0, 262.0]
[33.0, 482.0, 120.5, 188.0]
[43.0, 476.0, 119.0, 208.0]
[50.0, 594.0, 148.5, 218.0]
[39.0, 492.0, 123.0, 186.0]
[50.0, 500.0, 125.0, 166.0]
[33.0, 456.0, 114.0, 202.0]
[41.0, 516.0, 129.0, 220.0]
[32.0, 448.0, 112.0, 132.0]
[36.0, 530.0, 132.5, 180.0]
[45.0, 522.0, 130.5, 192.0]
[52.0, 580.0, 145.0, 240.0]
[46.0, 564.0, 141.0, 216.0]
[36.0, 534.0, 133.5, 180.0]
[36.0, 550.0, 137.5, 200.0]
[40.0, 542.0, 135.5, 238.0]
[33.0, 424.0, 106.0, 224.0]
[48.0, 478.0, 119.5, 212.0]
[36.0, 468.0, 117.0, 270.0]
[44.0, 486.0, 121.5, 266.0]
[44.0, 476.0, 119.0, 196.0]
[28.0, 398.0, 99.5, 162.0]
[48.0, 558.0, 139.5, 220.0]
[36.0, 490.0, 122.5, 260.0]
[37.0, 546.0, 136.5, 154.0]
[25.0, 414.0, 103.5, 188.0]
[33.0, 424.0, 106.0, 214.0]
[37.0, 438.0, 109.5, 206.0]
[40.0, 390.0, 97.5, 298.0]
[41.0, 470.0, 117.5, 190.0]
[34.0, 472.0, 118.0, 152.0]
[46.0, 544.0, 136.0, 170.0]
[58.0, 544.0, 136.0, 274.0]
[33.0, 506.0, 126.5, 198.0]
[29.0, 472.0, 118.0, 176.0]
[48.0, 444.0, 111.0, 188.0]
[37.0, 460.0, 115.0, 262.0]
[47.0, 472.0, 118.0, 292.0]
[40.0, 472.0, 118.0, 268.0]
[33.0, 516.0, 129.0, 174.0]
[33.0, 504.0, 126.0, 214.0]
[53.0, 552.0, 138.0, 246.0]
[49.0, 534.0, 133.5, 316.0]
[40.0, 540.0, 135.0, 188.0]
[43.0, 502.0, 125.5, 184.0]
[52.0, 578.0, 144.5, 222.0]
[37.0, 516.0, 129.0, 282.0]
[47.0, 498.0, 124.5, 232.0]
[56.0, 458.0, 114.5, 238.0]
[50.0, 492.0, 123.0, 268.0]
[41.0, 444.0, 111.0, 230.0]
[30.0, 422.0, 105.5, 228.0]
[30.0, 504.0, 126.0, 190.0]
[54.0, 530.0, 132.5, 216.0]
[24.0, 458.0, 114.5, 176.0]
[38.0, 496.0, 124.0, 284.0]
[40.0, 522.0, 130.5, 218.0]
[50.0, 502.0, 125.5, 198.0]
[54.0, 582.0, 145.5, 200.0]
[38.0, 526.0, 131.5, 204.0]
[54.0, 572.0, 143.0, 226.0]
[40.0, 416.0, 104.0, 208.0]
[41.0, 512.0, 128.0, 194.0]
[28.0, 460.0, 115.0, 154.0]
[40.0, 584.0, 146.0, 232.0]
[38.0, 486.0, 121.5, 244.0]
[41.0, 446.0, 111.5, 310.0]
[37.0, 492.0, 123.0, 272.0]
[37.0, 476.0, 119.0, 222.0]
[53.0, 644.0, 161.0, 272.0]
[43.0, 462.0, 115.5, 264.0]
[43.0, 512.0, 128.0, 196.0]
[45.0, 490.0, 122.5, 238.0]
[34.0, 512.0, 128.0, 206.0]
[36.0, 478.0, 119.5, 180.0]
[33.0, 408.0, 102.0, 294.0]
[49.0, 516.0, 129.0, 266.0]
[67.0, 540.0, 135.0, 282.0]
[29.0, 494.0, 123.5, 156.0]
[39.0, 460.0, 115.0, 212.0]
[30.0, 452.0, 113.0, 198.0]
[36.0, 424.0, 106.0, 270.0]
[36.0, 512.0, 128.0, 180.0]
[36.0, 566.0, 141.5, 230.0]
[38.0, 482.0, 120.5, 204.0]
[46.0, 544.0, 136.0, 240.0]
[36.0, 514.0, 128.5, 190.0]
[44.0, 516.0, 129.0, 274.0]
[43.0, 540.0, 135.0, 194.0]
[51.0, 446.0, 111.5, 250.0]
[38.0, 512.0, 128.0, 198.0]
[40.0, 526.0, 131.5, 218.0]
[29.0, 460.0, 115.0, 176.0]
[26.0, 444.0, 111.0, 156.0]
[30.0, 408.0, 102.0, 228.0]
[36.0, 458.0, 114.5, 240.0]
[41.0, 454.0, 113.5, 270.0]
[49.0, 562.0, 140.5, 196.0]
[39.0, 556.0, 139.0, 208.0]
[42.0, 482.0, 120.5, 252.0]
[32.0, 474.0, 118.5, 172.0]
[39.0, 490.0, 122.5, 262.0]
[27.0, 462.0, 115.5, 152.0]
[40.0, 552.0, 138.0, 178.0]
[35.0, 448.0, 112.0, 214.0]
[40.0, 472.0, 118.0, 206.0]
[40.0, 534.0, 133.5, 188.0]
[32.0, 478.0, 119.5, 172.0]
[31.0, 452.0, 113.0, 210.0]
[57.0, 566.0, 141.5, 282.0]
[27.0, 420.0, 105.0, 182.0]
[40.0, 586.0, 146.5, 168.0]
[30.0, 484.0, 121.0, 188.0]
[41.0, 582.0, 145.5, 180.0]
[35.0, 418.0, 104.5, 258.0]
[44.0, 516.0, 129.0, 194.0]
[43.0, 568.0, 142.0, 226.0]
[38.0, 468.0, 117.0, 214.0]
[37.0, 464.0, 116.0, 232.0]
[52.0, 516.0, 129.0, 282.0]
[47.0, 498.0, 124.5, 248.0]
[52.0, 580.0, 145.0, 192.0]
[38.0, 518.0, 129.5, 252.0]
[58.0, 496.0, 124.0, 274.0]
[53.0, 598.0, 149.5, 260.0]
[37.0, 514.0, 128.5, 220.0]
[46.0, 534.0, 133.5, 210.0]
[36.0, 486.0, 121.5, 192.0]
[38.0, 582.0, 145.5, 192.0]
[42.0, 542.0, 135.5, 182.0]
[31.0, 418.0, 104.5, 220.0]
[44.0, 490.0, 122.5, 176.0]
[50.0, 424.0, 106.0, 318.0]
[40.0, 540.0, 135.0, 176.0]
[37.0, 478.0, 119.5, 242.0]
[38.0, 496.0, 124.0, 224.0]
[66.0, 530.0, 132.5, 340.0]
[40.0, 516.0, 129.0, 176.0]
[31.0, 532.0, 133.0, 200.0]
[40.0, 474.0, 118.5, 238.0]
[37.0, 554.0, 138.5, 202.0]
[39.0, 474.0, 118.5, 266.0]
[45.0, 600.0, 150.0, 178.0]
[38.0, 420.0, 105.0, 214.0]
[42.0, 564.0, 141.0, 222.0]
[32.0, 420.0, 105.0, 192.0]
[28.0, 408.0, 102.0, 224.0]
[31.0, 454.0, 113.5, 230.0]
[43.0, 464.0, 116.0, 208.0]
[36.0, 460.0, 115.0, 280.0]
[33.0, 486.0, 121.5, 194.0]
[39.0, 438.0, 109.5, 196.0]
[31.0, 506.0, 126.5, 202.0]
[33.0, 520.0, 130.0, 156.0]
[36.0, 544.0, 136.0, 210.0]
[47.0, 590.0, 147.5, 290.0]
[36.0, 580.0, 145.0, 230.0]
[52.0, 670.0, 167.5, 232.0]
[40.0, 466.0, 116.5, 238.0]
[51.0, 456.0, 114.0, 278.0]
[42.0, 536.0, 134.0, 232.0]
[42.0, 558.0, 139.5, 252.0]
[31.0, 540.0, 135.0, 160.0]
[43.0, 520.0, 130.0, 204.0]
[47.0, 464.0, 116.0, 292.0]
[48.0, 562.0, 140.5, 224.0]
[37.0, 520.0, 130.0, 162.0]
[55.0, 562.0, 140.5, 220.0]
[41.0, 566.0, 141.5, 190.0]
[58.0, 566.0, 141.5, 208.0]
[36.0, 462.0, 115.5, 240.0]
[40.0, 512.0, 128.0, 188.0]
[27.0, 512.0, 128.0, 152.0]
[35.0, 480.0, 120.0, 218.0]
[56.0, 490.0, 122.5, 330.0]
[47.0, 526.0, 131.5, 194.0]
[36.0, 532.0, 133.0, 210.0]
[43.0, 436.0, 109.0, 200.0]
[48.0, 554.0, 138.5, 284.0]
[32.0, 480.0, 120.0, 182.0]
[41.0, 418.0, 104.5, 270.0]
[34.0, 426.0, 106.5, 186.0]
[45.0, 512.0, 128.0, 248.0]
[56.0, 590.0, 147.5, 172.0]
[41.0, 572.0, 143.0, 210.0]
[42.0, 522.0, 130.5, 232.0]
[36.0, 418.0, 104.5, 260.0]
[54.0, 590.0, 147.5, 246.0]
[33.0, 460.0, 115.0, 194.0]
[44.0, 486.0, 121.5, 196.0]
[34.0, 470.0, 117.5, 276.0]
[71.0, 556.0, 139.0, 232.0]
[28.0, 478.0, 119.5, 184.0]
[46.0, 578.0, 144.5, 170.0]
[51.0, 576.0, 144.0, 300.0]
[43.0, 510.0, 127.5, 210.0]
[43.0, 530.0, 132.5, 184.0]
[41.0, 456.0, 114.0, 240.0]
[27.0, 446.0, 111.5, 152.0]
[36.0, 438.0, 109.5, 280.0]
[42.0, 496.0, 124.0, 220.0]
[48.0, 484.0, 121.0, 284.0]
[40.0, 536.0, 134.0, 218.0]
[44.0, 486.0, 121.5, 236.0]
[28.0, 458.0, 114.5, 214.0]
[40.0, 572.0, 143.0, 158.0]
[38.0, 498.0, 124.5, 246.0]
[62.0, 590.0, 147.5, 204.0]
[34.0, 482.0, 120.5, 148.0]
[38.0, 532.0, 133.0, 164.0]
[36.0, 482.0, 120.5, 240.0]
[36.0, 428.0, 107.0, 190.0]
[47.0, 570.0, 142.5, 222.0]
[39.0, 528.0, 132.0, 256.0]
[60.0, 482.0, 120.5, 234.0]
[47.0, 556.0, 139.0, 202.0]
[32.0, 424.0, 106.0, 222.0]
[37.0, 460.0, 115.0, 222.0]
[31.0, 354.0, 88.5, 250.0]
[43.0, 464.0, 116.0, 224.0]
[50.0, 584.0, 146.0, 208.0]
[42.0, 506.0, 126.5, 222.0]
[32.0, 382.0, 95.5, 240.0]
[34.0, 490.0, 122.5, 206.0]
[40.0, 500.0, 125.0, 288.0]
[26.0, 410.0, 102.5, 170.0]
[45.0, 548.0, 137.0, 238.0]
[38.0, 410.0, 102.5, 164.0]
[35.0, 444.0, 111.0, 180.0]
[38.0, 468.0, 117.0, 274.0]
[35.0, 526.0, 131.5, 198.0]
[59.0, 480.0, 120.0, 236.0]
[40.0, 458.0, 114.5, 248.0]
[47.0, 458.0, 114.5, 232.0]
[36.0, 498.0, 124.5, 250.0]
[33.0, 378.0, 94.5, 224.0]
[48.0, 606.0, 151.5, 166.0]
[38.0, 516.0, 129.0, 184.0]
[38.0, 472.0, 118.0, 184.0]
[35.0, 440.0, 110.0, 218.0]
[38.0, 412.0, 103.0, 224.0]
[34.0, 516.0, 129.0, 156.0]
[35.0, 524.0, 131.0, 206.0]
[46.0, 456.0, 114.0, 330.0]
[57.0, 530.0, 132.5, 192.0]
[42.0, 456.0, 114.0, 244.0]
[33.0, 442.0, 110.5, 184.0]
[42.0, 598.0, 149.5, 192.0]
[40.0, 422.0, 105.5, 238.0]
[37.0, 456.0, 114.0, 242.0]
[30.0, 458.0, 114.5, 198.0]
[39.0, 476.0, 119.0, 206.0]
[42.0, 500.0, 125.0, 232.0]
[46.0, 526.0, 131.5, 210.0]
[49.0, 504.0, 126.0, 248.0]
[38.0, 432.0, 108.0, 214.0]
[28.0, 458.0, 114.5, 184.0]
[41.0, 498.0, 124.5, 220.0]
[36.0, 526.0, 131.5, 196.0]
[43.0, 534.0, 133.5, 218.0]
[47.0, 552.0, 138.0, 182.0]
[37.0, 454.0, 113.5, 202.0]
[33.0, 522.0, 130.5, 214.0]
[37.0, 496.0, 124.0, 262.0]
[38.0, 472.0, 118.0, 214.0]
[46.0, 582.0, 145.5, 216.0]
[46.0, 510.0, 127.5, 204.0]
[46.0, 536.0, 134.0, 180.0]
[30.0, 510.0, 127.5, 198.0]
[42.0, 456.0, 114.0, 222.0]
[34.0, 472.0, 118.0, 210.0]
[30.0, 432.0, 108.0, 198.0]
[44.0, 380.0, 95.0, 266.0]
[38.0, 472.0, 118.0, 174.0]
[39.0, 390.0, 97.5, 286.0]
[63.0, 486.0, 121.5, 344.0]
[43.0, 474.0, 118.5, 254.0]
[35.0, 464.0, 116.0, 258.0]
[41.0, 556.0, 139.0, 210.0]
[42.0, 486.0, 121.5, 222.0]
[38.0, 558.0, 139.5, 254.0]
[41.0, 526.0, 131.5, 214.0]
[38.0, 448.0, 112.0, 244.0]
[38.0, 532.0, 133.0, 254.0]
[52.0, 510.0, 127.5, 272.0]
[42.0, 542.0, 135.5, 252.0]
[46.0, 562.0, 140.5, 210.0]
[51.0, 500.0, 125.0, 320.0]
[56.0, 584.0, 146.0, 210.0]
[39.0, 500.0, 125.0, 172.0]
[34.0, 474.0, 118.5, 176.0]
[35.0, 536.0, 134.0, 184.0]
[53.0, 574.0, 143.5, 228.0]
[33.0, 370.0, 92.5, 264.0]
[43.0, 414.0, 103.5, 294.0]
[39.0, 544.0, 136.0, 176.0]
[46.0, 496.0, 124.0, 190.0]
[70.0, 512.0, 128.0, 298.0]
[40.0, 512.0, 128.0, 202.0]
[48.0, 506.0, 126.5, 274.0]
[51.0, 610.0, 152.5, 250.0]
[39.0, 596.0, 149.0, 196.0]
[36.0, 512.0, 128.0, 190.0]
[52.0, 554.0, 138.5, 182.0]
[34.0, 484.0, 121.0, 188.0]
[35.0, 456.0, 114.0, 210.0]
[39.0, 526.0, 131.5, 216.0]
[32.0, 508.0, 127.0, 172.0]
[64.0, 544.0, 136.0, 270.0]
[32.0, 488.0, 122.0, 164.0]
[48.0, 444.0, 111.0, 250.0]
[62.0, 576.0, 144.0, 272.0]
[27.0, 446.0, 111.5, 172.0]
[34.0, 420.0, 105.0, 216.0]
[44.0, 602.0, 150.5, 206.0]
[44.0, 526.0, 131.5, 276.0]
[55.0, 548.0, 137.0, 188.0]
[38.0, 480.0, 120.0, 154.0]
[38.0, 498.0, 124.5, 224.0]
[39.0, 448.0, 112.0, 184.0]
[49.0, 484.0, 121.0, 234.0]
[38.0, 474.0, 118.5, 188.0]
[52.0, 592.0, 148.0, 232.0]
[52.0, 492.0, 123.0, 222.0]
[34.0, 452.0, 113.0, 216.0]
[32.0, 432.0, 108.0, 242.0]
[38.0, 528.0, 132.0, 208.0]
[32.0, 402.0, 100.5, 202.0]
[41.0, 474.0, 118.5, 220.0]
[50.0, 522.0, 130.5, 344.0]
[38.0, 418.0, 104.5, 314.0]
[43.0, 534.0, 133.5, 204.0]
[51.0, 508.0, 127.0, 186.0]
[37.0, 376.0, 94.0, 262.0]
[46.0, 516.0, 129.0, 182.0]
[36.0, 482.0, 120.5, 190.0]
[39.0, 508.0, 127.0, 266.0]
[39.0, 500.0, 125.0, 200.0]
[40.0, 442.0, 110.5, 208.0]
[35.0, 438.0, 109.5, 278.0]
[34.0, 446.0, 111.5, 260.0]
[43.0, 370.0, 92.5, 344.0]
[61.0, 608.0, 152.0, 230.0]
[36.0, 466.0, 116.5, 210.0]
[44.0, 538.0, 134.5, 206.0]
[36.0, 480.0, 120.0, 270.0]
[38.0, 510.0, 127.5, 260.0]
[36.0, 562.0, 140.5, 180.0]
[47.0, 540.0, 135.0, 246.0]
[66.0, 606.0, 151.5, 310.0]
[50.0, 498.0, 124.5, 180.0]
[41.0, 438.0, 109.5, 270.0]
[37.0, 530.0, 132.5, 194.0]
[43.0, 518.0, 129.5, 170.0]
[27.0, 448.0, 112.0, 192.0]
[36.0, 508.0, 127.0, 258.0]
[55.0, 482.0, 120.5, 288.0]
[34.0, 466.0, 116.5, 254.0]
[51.0, 512.0, 128.0, 220.0]
[37.0, 474.0, 118.5, 202.0]
[35.0, 492.0, 123.0, 188.0]
[40.0, 446.0, 111.5, 238.0]
[36.0, 420.0, 105.0, 270.0]
[47.0, 586.0, 146.5, 204.0]
[33.0, 404.0, 101.0, 244.0]
[45.0, 440.0, 110.0, 258.0]
[41.0, 512.0, 128.0, 230.0]
[39.0, 578.0, 144.5, 216.0]
[45.0, 476.0, 119.0, 288.0]
[52.0, 534.0, 133.5, 222.0]
[41.0, 490.0, 122.5, 260.0]
[36.0, 474.0, 118.5, 210.0]
[41.0, 562.0, 140.5, 210.0]
[39.0, 542.0, 135.5, 196.0]
[50.0, 570.0, 142.5, 206.0]
[41.0, 522.0, 130.5, 260.0]
[40.0, 438.0, 109.5, 230.0]
[40.0, 504.0, 126.0, 228.0]
[29.0, 418.0, 104.5, 176.0]
[45.0, 450.0, 112.5, 258.0]
[45.0, 568.0, 142.0, 204.0]
[40.0, 502.0, 125.5, 218.0]
[43.0, 560.0, 140.0, 190.0]
[25.0, 448.0, 112.0, 158.0]
[29.0, 476.0, 119.0, 176.0]
[44.0, 560.0, 140.0, 196.0]
[42.0, 578.0, 144.5, 186.0]
[34.0, 490.0, 122.5, 226.0]
[38.0, 452.0, 113.0, 188.0]
[62.0, 614.0, 153.5, 254.0]
[39.0, 600.0, 150.0, 202.0]
[31.0, 448.0, 112.0, 200.0]
[44.0, 556.0, 139.0, 176.0]
[60.0, 464.0, 116.0, 260.0]
[44.0, 596.0, 149.0, 190.0]
[35.0, 502.0, 125.5, 170.0]
[46.0, 542.0, 135.5, 218.0]
[31.0, 506.0, 126.5, 150.0]
[35.0, 420.0, 105.0, 248.0]
[68.0, 606.0, 151.5, 294.0]
[43.0, 508.0, 127.0, 186.0]
[59.0, 508.0, 127.0, 346.0]
[55.0, 460.0, 115.0, 338.0]
[47.0, 512.0, 128.0, 242.0]
[39.0, 562.0, 140.5, 206.0]
[38.0, 472.0, 118.0, 184.0]
[38.0, 526.0, 131.5, 194.0]
[28.0, 462.0, 115.5, 144.0]
[38.0, 570.0, 142.5, 194.0]
[34.0, 556.0, 139.0, 196.0]
[40.0, 440.0, 110.0, 248.0]
[34.0, 518.0, 129.5, 150.0]
[37.0, 552.0, 138.0, 182.0]
[43.0, 544.0, 136.0, 166.0]
[33.0, 528.0, 132.0, 152.0]
[39.0, 402.0, 100.5, 316.0]
[34.0, 462.0, 115.5, 206.0]
[35.0, 430.0, 107.5, 206.0]
[47.0, 474.0, 118.5, 292.0]
[46.0, 536.0, 134.0, 270.0]
[26.0, 448.0, 112.0, 150.0]
[56.0, 588.0, 147.0, 210.0]
[58.0, 668.0, 167.0, 254.0]
[32.0, 406.0, 101.5, 222.0]
[46.0, 526.0, 131.5, 236.0]
[45.0, 494.0, 123.5, 288.0]
[40.0, 482.0, 120.5, 188.0]
[34.0, 440.0, 110.0, 226.0]
[52.0, 508.0, 127.0, 218.0]
[49.0, 564.0, 141.0, 216.0]
[46.0, 530.0, 132.5, 186.0]
[40.0, 498.0, 124.5, 288.0]
[44.0, 534.0, 133.5, 234.0]
[53.0, 532.0, 133.0, 268.0]
[47.0, 518.0, 129.5, 292.0]
[52.0, 566.0, 141.5, 312.0]
[46.0, 534.0, 133.5, 230.0]
[51.0, 450.0, 112.5, 240.0]
[45.0, 518.0, 129.5, 228.0]
[34.0, 522.0, 130.5, 196.0]
[41.0, 518.0, 129.5, 244.0]
[36.0, 478.0, 119.5, 180.0]
[35.0, 524.0, 131.0, 218.0]
[47.0, 454.0, 113.5, 302.0]
[35.0, 492.0, 123.0, 158.0]
[52.0, 528.0, 132.0, 190.0]
[52.0, 664.0, 166.0, 208.0]
[41.0, 430.0, 107.5, 240.0]
[47.0, 464.0, 116.0, 332.0]
[26.0, 468.0, 117.0, 186.0]
[51.0, 544.0, 136.0, 280.0]
[44.0, 498.0, 124.5, 236.0]
[67.0, 486.0, 121.5, 332.0]
[47.0, 568.0, 142.0, 262.0]
[41.0, 484.0, 121.0, 180.0]
[36.0, 498.0, 124.5, 162.0]
[35.0, 474.0, 118.5, 228.0]
[49.0, 588.0, 147.0, 196.0]
[55.0, 420.0, 105.0, 328.0]
[30.0, 472.0, 118.0, 188.0]
[31.0, 454.0, 113.5, 174.0]
[53.0, 482.0, 120.5, 224.0]
[44.0, 550.0, 137.5, 218.0]
[47.0, 482.0, 120.5, 222.0]
[54.0, 456.0, 114.0, 276.0]
[57.0, 452.0, 113.0, 392.0]
[43.0, 308.0, 77.0, 284.0]
[50.0, 498.0, 124.5, 228.0]
[49.0, 600.0, 150.0, 236.0]
[43.0, 512.0, 128.0, 196.0]
[36.0, 502.0, 125.5, 270.0]
[55.0, 618.0, 154.5, 254.0]
[41.0, 562.0, 140.5, 228.0]
[31.0, 510.0, 127.5, 220.0]
[34.0, 488.0, 122.0, 196.0]
[34.0, 512.0, 128.0, 206.0]
[46.0, 600.0, 150.0, 206.0]
[42.0, 552.0, 138.0, 174.0]
[36.0, 462.0, 115.5, 150.0]
[41.0, 438.0, 109.5, 250.0]
[49.0, 474.0, 118.5, 288.0]
[39.0, 454.0, 113.5, 286.0]
[51.0, 494.0, 123.5, 230.0]
[49.0, 618.0, 154.5, 206.0]
[36.0, 486.0, 121.5, 190.0]
[31.0, 468.0, 117.0, 212.0]
[37.0, 434.0, 108.5, 252.0]
[33.0, 448.0, 112.0, 232.0]
[36.0, 402.0, 100.5, 220.0]
[40.0, 492.0, 123.0, 180.0]
[47.0, 540.0, 135.0, 202.0]
[39.0, 462.0, 115.5, 216.0]
[48.0, 446.0, 111.5, 304.0]
[44.0, 490.0, 122.5, 186.0]
[55.0, 544.0, 136.0, 198.0]
[54.0, 548.0, 137.0, 256.0]
[52.0, 512.0, 128.0, 252.0]
[53.0, 500.0, 125.0, 244.0]
[37.0, 502.0, 125.5, 192.0]
[39.0, 516.0, 129.0, 196.0]
[57.0, 548.0, 137.0, 274.0]
[45.0, 496.0, 124.0, 268.0]
[48.0, 598.0, 149.5, 194.0]
[38.0, 478.0, 119.5, 284.0]
[47.0, 548.0, 137.0, 212.0]
[39.0, 468.0, 117.0, 256.0]
[41.0, 494.0, 123.5, 220.0]
[44.0, 502.0, 125.5, 210.0]
[30.0, 462.0, 115.5, 198.0]
[34.0, 498.0, 124.5, 226.0]
[47.0, 494.0, 123.5, 282.0]
[53.0, 574.0, 143.5, 230.0]
[24.0, 412.0, 103.0, 216.0]
[33.0, 504.0, 126.0, 174.0]
[45.0, 524.0, 131.0, 178.0]
[42.0, 488.0, 122.0, 182.0]
[37.0, 490.0, 122.5, 178.0]
[34.0, 438.0, 109.5, 226.0]
[33.0, 488.0, 122.0, 158.0]
[29.0, 504.0, 126.0, 178.0]
[51.0, 526.0, 131.5, 226.0]
[38.0, 482.0, 120.5, 262.0]
[40.0, 464.0, 116.0, 208.0]
[36.0, 380.0, 95.0, 270.0]
[48.0, 568.0, 142.0, 214.0]
[29.0, 430.0, 107.5, 186.0]
[41.0, 472.0, 118.0, 206.0]
[38.0, 502.0, 125.5, 244.0]
[39.0, 394.0, 98.5, 306.0]
[58.0, 588.0, 147.0, 264.0]
[43.0, 542.0, 135.5, 204.0]
[38.0, 506.0, 126.5, 164.0]
[40.0, 572.0, 143.0, 178.0]
[44.0, 498.0, 124.5, 166.0]
[32.0, 518.0, 129.5, 162.0]
[28.0, 420.0, 105.0, 194.0]
[41.0, 498.0, 124.5, 190.0]
[36.0, 556.0, 139.0, 220.0]
[41.0, 452.0, 113.0, 280.0]
[38.0, 466.0, 116.5, 234.0]
[36.0, 454.0, 113.5, 180.0]
[35.0, 516.0, 129.0, 188.0]
[46.0, 504.0, 126.0, 220.0]
[39.0, 464.0, 116.0, 208.0]
[39.0, 438.0, 109.5, 296.0]
[46.0, 600.0, 150.0, 184.0]
[38.0, 510.0, 127.5, 184.0]
[44.0, 506.0, 126.5, 210.0]
[38.0, 462.0, 115.5, 172.0]
[44.0, 486.0, 121.5, 256.0]
[34.0, 456.0, 114.0, 216.0]
[63.0, 574.0, 143.5, 294.0]
[40.0, 504.0, 126.0, 218.0]
[44.0, 480.0, 120.0, 266.0]
[30.0, 414.0, 103.5, 216.0]
[37.0, 490.0, 122.5, 212.0]
[49.0, 536.0, 134.0, 210.0]
[44.0, 528.0, 132.0, 226.0]
[55.0, 606.0, 151.5, 254.0]
[38.0, 530.0, 132.5, 182.0]
[26.0, 436.0, 109.0, 160.0]
[42.0, 488.0, 122.0, 262.0]
[34.0, 408.0, 102.0, 216.0]
[31.0, 458.0, 114.5, 200.0]
[46.0, 494.0, 123.5, 300.0]
[52.0, 628.0, 157.0, 230.0]
[36.0, 470.0, 117.5, 280.0]
[38.0, 522.0, 130.5, 214.0]
[37.0, 552.0, 138.0, 222.0]
[35.0, 532.0, 133.0, 188.0]
[32.0, 446.0, 111.5, 242.0]
[49.0, 540.0, 135.0, 256.0]
[35.0, 390.0, 97.5, 188.0]
[22.0, 426.0, 106.5, 152.0]
[56.0, 458.0, 114.5, 236.0]
[45.0, 482.0, 120.5, 238.0]
[28.0, 476.0, 119.0, 150.0]
[69.0, 542.0, 135.5, 246.0]
[53.0, 482.0, 120.5, 240.0]
[45.0, 548.0, 137.0, 222.0]
[38.0, 450.0, 112.5, 224.0]
[38.0, 486.0, 121.5, 224.0]
[35.0, 490.0, 122.5, 168.0]
[43.0, 548.0, 137.0, 194.0]
[33.0, 448.0, 112.0, 164.0]
[29.0, 516.0, 129.0, 160.0]
[54.0, 556.0, 139.0, 226.0]
[32.0, 468.0, 117.0, 242.0]
[44.0, 498.0, 124.5, 240.0]
[47.0, 398.0, 99.5, 302.0]
[31.0, 456.0, 114.0, 180.0]
[45.0, 552.0, 138.0, 288.0]
[39.0, 544.0, 136.0, 166.0]
[57.0, 482.0, 120.5, 312.0]
[31.0, 460.0, 115.0, 140.0]
[38.0, 514.0, 128.5, 234.0]
[37.0, 366.0, 91.5, 262.0]
[34.0, 514.0, 128.5, 196.0]
[28.0, 444.0, 111.0, 224.0]
[47.0, 524.0, 131.0, 312.0]
[33.0, 530.0, 132.5, 264.0]
[31.0, 504.0, 126.0, 174.0]
[43.0, 474.0, 118.5, 274.0]
[38.0, 532.0, 133.0, 178.0]
[35.0, 422.0, 105.5, 278.0]
[57.0, 636.0, 159.0, 260.0]
[44.0, 566.0, 141.5, 202.0]
[34.0, 436.0, 109.0, 276.0]
[49.0, 498.0, 124.5, 236.0]
[32.0, 364.0, 91.0, 262.0]
[48.0, 492.0, 123.0, 234.0]
[39.0, 440.0, 110.0, 236.0]
[48.0, 598.0, 149.5, 184.0]
[39.0, 526.0, 131.5, 156.0]
[33.0, 454.0, 113.5, 204.0]
[43.0, 488.0, 122.0, 256.0]
[37.0, 530.0, 132.5, 232.0]
[40.0, 462.0, 115.5, 248.0]
[30.0, 464.0, 116.0, 198.0]
[27.0, 416.0, 104.0, 192.0]
[28.0, 426.0, 106.5, 204.0]
[36.0, 532.0, 133.0, 200.0]
[39.0, 506.0, 126.5, 200.0]
[40.0, 568.0, 142.0, 212.0]
[43.0, 530.0, 132.5, 190.0]
[45.0, 454.0, 113.5, 268.0]
[33.0, 448.0, 112.0, 188.0]
[51.0, 422.0, 105.5, 290.0]
[44.0, 528.0, 132.0, 198.0]
[53.0, 562.0, 140.5, 246.0]
[51.0, 526.0, 131.5, 240.0]
[41.0, 624.0, 156.0, 200.0]
[34.0, 418.0, 104.5, 276.0]
[45.0, 550.0, 137.5, 228.0]
[34.0, 476.0, 119.0, 216.0]
[52.0, 502.0, 125.5, 262.0]
[36.0, 554.0, 138.5, 170.0]
[41.0, 534.0, 133.5, 236.0]
[50.0, 570.0, 142.5, 180.0]
[41.0, 440.0, 110.0, 290.0]
[38.0, 436.0, 109.0, 254.0]
[49.0, 512.0, 128.0, 284.0]
[51.0, 544.0, 136.0, 214.0]
[45.0, 524.0, 131.0, 196.0]
[46.0, 472.0, 118.0, 260.0]
[31.0, 436.0, 109.0, 190.0]
[40.0, 514.0, 128.5, 170.0]
[38.0, 450.0, 112.5, 274.0]
[56.0, 516.0, 129.0, 300.0]
[32.0, 460.0, 115.0, 160.0]
[41.0, 524.0, 131.0, 180.0]
[38.0, 460.0, 115.0, 254.0]
[47.0, 492.0, 123.0, 242.0]
[46.0, 546.0, 136.5, 210.0]
[43.0, 534.0, 133.5, 206.0]
[38.0, 440.0, 110.0, 264.0]
[45.0, 438.0, 109.5, 248.0]
[37.0, 462.0, 115.5, 212.0]
[35.0, 444.0, 111.0, 258.0]
[55.0, 544.0, 136.0, 228.0]
[42.0, 490.0, 122.5, 202.0]
[52.0, 538.0, 134.5, 218.0]
[46.0, 584.0, 146.0, 220.0]
[34.0, 514.0, 128.5, 178.0]
[54.0, 538.0, 134.5, 236.0]
[52.0, 498.0, 124.5, 248.0]
[47.0, 442.0, 110.5, 262.0]
[51.0, 476.0, 119.0, 280.0]
[60.0, 628.0, 157.0, 308.0]
[44.0, 486.0, 121.5, 276.0]
[45.0, 552.0, 138.0, 180.0]
[48.0, 448.0, 112.0, 334.0]
[40.0, 520.0, 130.0, 218.0]
[33.0, 538.0, 134.5, 174.0]
[31.0, 476.0, 119.0, 166.0]
[38.0, 480.0, 120.0, 184.0]
[38.0, 372.0, 93.0, 174.0]
[49.0, 540.0, 135.0, 216.0]
[39.0, 488.0, 122.0, 190.0]
[52.0, 560.0, 140.0, 172.0]
[36.0, 478.0, 119.5, 230.0]
[31.0, 490.0, 122.5, 146.0]
[39.0, 564.0, 141.0, 176.0]
[38.0, 568.0, 142.0, 204.0]
[36.0, 496.0, 124.0, 200.0]
[48.0, 570.0, 142.5, 204.0]
[48.0, 628.0, 157.0, 254.0]
[47.0, 398.0, 99.5, 312.0]
[30.0, 502.0, 125.5, 208.0]
[31.0, 428.0, 107.0, 210.0]
[36.0, 414.0, 103.5, 200.0]
[52.0, 470.0, 117.5, 278.0]
[49.0, 550.0, 137.5, 206.0]
[42.0, 516.0, 129.0, 212.0]
[33.0, 508.0, 127.0, 204.0]
[39.0, 490.0, 122.5, 206.0]
[46.0, 550.0, 137.5, 280.0]
[48.0, 426.0, 106.5, 334.0]
[53.0, 526.0, 131.5, 224.0]
[28.0, 400.0, 100.0, 224.0]
[54.0, 488.0, 122.0, 316.0]
[39.0, 526.0, 131.5, 186.0]
[47.0, 484.0, 121.0, 224.0]
[43.0, 532.0, 133.0, 204.0]
[49.0, 474.0, 118.5, 266.0]
[28.0, 400.0, 100.0, 194.0]
[62.0, 466.0, 116.5, 242.0]
[47.0, 584.0, 146.0, 202.0]
[41.0, 388.0, 97.0, 250.0]
[41.0, 496.0, 124.0, 200.0]
[40.0, 520.0, 130.0, 218.0]
[34.0, 540.0, 135.0, 194.0]
[46.0, 398.0, 99.5, 280.0]
[48.0, 440.0, 110.0, 254.0]
[36.0, 526.0, 131.5, 176.0]
[32.0, 488.0, 122.0, 162.0]
[33.0, 364.0, 91.0, 294.0]
[34.0, 570.0, 142.5, 192.0]
[33.0, 416.0, 104.0, 204.0]
[35.0, 514.0, 128.5, 168.0]
[48.0, 548.0, 137.0, 174.0]
[45.0, 410.0, 102.5, 212.0]
[40.0, 568.0, 142.0, 164.0]
[45.0, 480.0, 120.0, 328.0]
[48.0, 580.0, 145.0, 254.0]
[50.0, 648.0, 162.0, 200.0]
[26.0, 444.0, 111.0, 228.0]
[40.0, 514.0, 128.5, 184.0]
[46.0, 544.0, 136.0, 270.0]
[44.0, 512.0, 128.0, 220.0]
[41.0, 502.0, 125.5, 210.0]
[40.0, 492.0, 123.0, 238.0]
[41.0, 506.0, 126.5, 200.0]
[40.0, 422.0, 105.5, 208.0]
[52.0, 482.0, 120.5, 262.0]
[41.0, 528.0, 132.0, 170.0]
[41.0, 464.0, 116.0, 250.0]
[33.0, 464.0, 116.0, 214.0]
[57.0, 516.0, 129.0, 232.0]
[52.0, 524.0, 131.0, 192.0]
[41.0, 512.0, 128.0, 220.0]
[50.0, 492.0, 123.0, 318.0]
[35.0, 426.0, 106.5, 228.0]
[34.0, 504.0, 126.0, 186.0]
[41.0, 568.0, 142.0, 176.0]
[35.0, 498.0, 124.5, 248.0]
[48.0, 552.0, 138.0, 214.0]
[30.0, 476.0, 119.0, 158.0]
[41.0, 562.0, 140.5, 256.0]
[41.0, 544.0, 136.0, 190.0]
[51.0, 454.0, 113.5, 176.0]
[50.0, 570.0, 142.5, 228.0]
[38.0, 538.0, 134.5, 244.0]
[56.0, 484.0, 121.0, 280.0]
[33.0, 432.0, 108.0, 166.0]
[38.0, 496.0, 124.0, 234.0]
[40.0, 408.0, 102.0, 248.0]
[45.0, 482.0, 120.5, 216.0]
[39.0, 540.0, 135.0, 246.0]
[26.0, 428.0, 107.0, 170.0]
[49.0, 476.0, 119.0, 266.0]
[42.0, 396.0, 99.0, 242.0]
[38.0, 542.0, 135.5, 172.0]
[38.0, 466.0, 116.5, 244.0]
[30.0, 486.0, 121.5, 178.0]
[29.0, 490.0, 122.5, 176.0]
[44.0, 558.0, 139.5, 202.0]
[54.0, 430.0, 107.5, 266.0]
[37.0, 436.0, 109.0, 292.0]
[39.0, 520.0, 130.0, 196.0]
[37.0, 478.0, 119.5, 222.0]
[37.0, 542.0, 135.5, 212.0]
[71.0, 620.0, 155.0, 252.0]
[37.0, 404.0, 101.0, 212.0]
[37.0, 422.0, 105.5, 292.0]
[45.0, 534.0, 133.5, 198.0]
[43.0, 474.0, 118.5, 204.0]
[32.0, 422.0, 105.5, 262.0]
[33.0, 400.0, 100.0, 254.0]
[52.0, 618.0, 154.5, 226.0]
[70.0, 540.0, 135.0, 298.0]
[38.0, 436.0, 109.0, 194.0]
[54.0, 574.0, 143.5, 216.0]
[28.0, 458.0, 114.5, 144.0]
[41.0, 566.0, 141.5, 230.0]
[37.0, 470.0, 117.5, 212.0]
[47.0, 498.0, 124.5, 172.0]
[43.0, 506.0, 126.5, 254.0]
[47.0, 462.0, 115.5, 162.0]
[33.0, 484.0, 121.0, 214.0]
[46.0, 494.0, 123.5, 260.0]
[40.0, 552.0, 138.0, 158.0]
[38.0, 546.0, 136.5, 248.0]
[37.0, 430.0, 107.5, 238.0]
[60.0, 658.0, 164.5, 232.0]
[38.0, 462.0, 115.5, 274.0]
[38.0, 522.0, 130.5, 162.0]
[39.0, 448.0, 112.0, 196.0]
[46.0, 508.0, 127.0, 266.0]
[34.0, 410.0, 102.5, 186.0]
[43.0, 468.0, 117.0, 264.0]
[36.0, 472.0, 118.0, 226.0]
[37.0, 486.0, 121.5, 232.0]
[37.0, 486.0, 121.5, 242.0]
[40.0, 476.0, 119.0, 228.0]
[48.0, 470.0, 117.5, 284.0]
[37.0, 444.0, 111.0, 212.0]
[53.0, 618.0, 154.5, 194.0]
[42.0, 508.0, 127.0, 212.0]
[32.0, 546.0, 136.5, 162.0]
[43.0, 324.0, 81.0, 324.0]
[38.0, 490.0, 122.5, 204.0]
[69.0, 530.0, 132.5, 274.0]
[41.0, 588.0, 147.0, 192.0]
[52.0, 546.0, 136.5, 172.0]
[31.0, 414.0, 103.5, 242.0]
[40.0, 470.0, 117.5, 248.0]
[32.0, 432.0, 108.0, 242.0]
[38.0, 470.0, 117.5, 194.0]
[46.0, 434.0, 108.5, 210.0]
[40.0, 498.0, 124.5, 214.0]
[40.0, 512.0, 128.0, 258.0]
[31.0, 428.0, 107.0, 250.0]
[38.0, 546.0, 136.5, 206.0]
[49.0, 530.0, 132.5, 216.0]
[33.0, 504.0, 126.0, 194.0]
[34.0, 474.0, 118.5, 190.0]
[46.0, 476.0, 119.0, 220.0]
[41.0, 550.0, 137.5, 200.0]
[41.0, 446.0, 111.5, 250.0]
[31.0, 430.0, 107.5, 180.0]
[44.0, 448.0, 112.0, 216.0]
[33.0, 524.0, 131.0, 154.0]
[54.0, 568.0, 142.0, 204.0]
[41.0, 578.0, 144.5, 256.0]
[43.0, 408.0, 102.0, 264.0]
[44.0, 544.0, 136.0, 206.0]
[49.0, 610.0, 152.5, 236.0]
[29.0, 458.0, 114.5, 216.0]
[38.0, 452.0, 113.0, 214.0]
[36.0, 480.0, 120.0, 200.0]
[40.0, 452.0, 113.0, 258.0]
[34.0, 380.0, 95.0, 236.0]
[40.0, 520.0, 130.0, 200.0]
[35.0, 484.0, 121.0, 162.0]
[40.0, 490.0, 122.5, 238.0]
[66.0, 530.0, 132.5, 360.0]
[37.0, 516.0, 129.0, 272.0]
[40.0, 524.0, 131.0, 218.0]
[32.0, 408.0, 102.0, 242.0]
[34.0, 486.0, 121.5, 196.0]
[51.0, 516.0, 129.0, 208.0]
[42.0, 484.0, 121.0, 236.0]
[46.0, 528.0, 132.0, 270.0]
[45.0, 542.0, 135.5, 170.0]
[29.0, 450.0, 112.5, 146.0]
[43.0, 546.0, 136.5, 184.0]
[34.0, 448.0, 112.0, 206.0]
[38.0, 506.0, 126.5, 164.0]
[46.0, 452.0, 113.0, 280.0]
[35.0, 524.0, 131.0, 178.0]
[68.0, 622.0, 155.5, 248.0]
[30.0, 436.0, 109.0, 178.0]
[48.0, 416.0, 104.0, 324.0]
[37.0, 484.0, 121.0, 252.0]
[31.0, 488.0, 122.0, 180.0]
[34.0, 452.0, 113.0, 166.0]
[47.0, 546.0, 136.5, 192.0]
[37.0, 446.0, 111.5, 222.0]
[45.0, 546.0, 136.5, 208.0]
[52.0, 556.0, 139.0, 272.0]
[41.0, 540.0, 135.0, 180.0]
[34.0, 466.0, 116.5, 200.0]
[31.0, 510.0, 127.5, 228.0]
[40.0, 498.0, 124.5, 228.0]
[43.0, 544.0, 136.0, 254.0]
[38.0, 510.0, 127.5, 214.0]
[31.0, 426.0, 106.5, 230.0]
[35.0, 486.0, 121.5, 158.0]
[42.0, 506.0, 126.5, 242.0]
[40.0, 420.0, 105.0, 288.0]
[34.0, 440.0, 110.0, 176.0]
[47.0, 606.0, 151.5, 178.0]
[50.0, 468.0, 117.0, 328.0]
[60.0, 544.0, 136.0, 268.0]
[35.0, 484.0, 121.0, 218.0]
[41.0, 564.0, 141.0, 160.0]
[36.0, 538.0, 134.5, 190.0]
[48.0, 574.0, 143.5, 224.0]
[41.0, 504.0, 126.0, 206.0]
[51.0, 506.0, 126.5, 260.0]
[41.0, 504.0, 126.0, 240.0]
[36.0, 500.0, 125.0, 182.0]
[42.0, 522.0, 130.5, 202.0]
[41.0, 444.0, 111.0, 210.0]
[40.0, 542.0, 135.5, 188.0]
[47.0, 620.0, 155.0, 198.0]
[35.0, 502.0, 125.5, 248.0]
[52.0, 466.0, 116.5, 252.0]
[37.0, 514.0, 128.5, 252.0]
[42.0, 484.0, 121.0, 212.0]
[39.0, 494.0, 123.5, 226.0]
[49.0, 520.0, 130.0, 242.0]
[42.0, 490.0, 122.5, 212.0]
[47.0, 482.0, 120.5, 252.0]
[46.0, 462.0, 115.5, 270.0]
[45.0, 416.0, 104.0, 258.0]
[45.0, 534.0, 133.5, 198.0]
[59.0, 550.0, 137.5, 226.0]
[49.0, 498.0, 124.5, 276.0]
[28.0, 488.0, 122.0, 164.0]
[51.0, 466.0, 116.5, 208.0]
[37.0, 420.0, 105.0, 180.0]
[40.0, 542.0, 135.5, 212.0]
[48.0, 562.0, 140.5, 254.0]
[40.0, 534.0, 133.5, 148.0]
[50.0, 562.0, 140.5, 218.0]
[39.0, 516.0, 129.0, 226.0]
[43.0, 410.0, 102.5, 284.0]
[39.0, 460.0, 115.0, 226.0]
[40.0, 540.0, 135.0, 188.0]
[53.0, 446.0, 111.5, 234.0]
[38.0, 434.0, 108.5, 284.0]
[47.0, 546.0, 136.5, 180.0]
[32.0, 436.0, 109.0, 188.0]
[31.0, 498.0, 124.5, 230.0]
[55.0, 510.0, 127.5, 256.0]
[43.0, 576.0, 144.0, 234.0]
[47.0, 464.0, 116.0, 282.0]
[38.0, 522.0, 130.5, 174.0]
[31.0, 414.0, 103.5, 240.0]
[44.0, 606.0, 151.5, 186.0]
[31.0, 458.0, 114.5, 220.0]
[53.0, 570.0, 142.5, 294.0]
[50.0, 450.0, 112.5, 378.0]
[49.0, 568.0, 142.0, 212.0]
[65.0, 574.0, 143.5, 278.0]
[36.0, 382.0, 95.5, 220.0]
[57.0, 526.0, 131.5, 280.0]
[33.0, 530.0, 132.5, 194.0]
[29.0, 452.0, 113.0, 166.0]
[35.0, 422.0, 105.5, 238.0]
[41.0, 394.0, 98.5, 250.0]
[46.0, 572.0, 143.0, 268.0]
[38.0, 460.0, 115.0, 194.0]
[34.0, 420.0, 105.0, 236.0]
[40.0, 424.0, 106.0, 258.0]
[35.0, 530.0, 132.5, 172.0]
[31.0, 444.0, 111.0, 160.0]
[44.0, 536.0, 134.0, 186.0]
[33.0, 416.0, 104.0, 228.0]
[39.0, 386.0, 96.5, 200.0]
[37.0, 480.0, 120.0, 242.0]
[55.0, 530.0, 132.5, 300.0]
[43.0, 550.0, 137.5, 184.0]
[46.0, 598.0, 149.5, 250.0]
[48.0, 492.0, 123.0, 184.0]
[50.0, 612.0, 153.0, 188.0]
[35.0, 476.0, 119.0, 178.0]
[50.0, 474.0, 118.5, 248.0]
[37.0, 462.0, 115.5, 202.0]
[34.0, 382.0, 95.5, 216.0]
[39.0, 510.0, 127.5, 176.0]
[53.0, 568.0, 142.0, 224.0]
[42.0, 438.0, 109.5, 262.0]
[31.0, 414.0, 103.5, 180.0]
[47.0, 470.0, 117.5, 252.0]
[45.0, 498.0, 124.5, 258.0]
[32.0, 440.0, 110.0, 272.0]
[59.0, 496.0, 124.0, 306.0]
[30.0, 498.0, 124.5, 198.0]
[38.0, 522.0, 130.5, 234.0]
[43.0, 492.0, 123.0, 262.0]
[37.0, 460.0, 115.0, 192.0]
[41.0, 544.0, 136.0, 260.0]
[47.0, 552.0, 138.0, 202.0]
[49.0, 528.0, 132.0, 206.0]
[63.0, 536.0, 134.0, 254.0]
[43.0, 508.0, 127.0, 184.0]
[49.0, 568.0, 142.0, 204.0]
[53.0, 512.0, 128.0, 294.0]
[33.0, 460.0, 115.0, 184.0]
[55.0, 540.0, 135.0, 338.0]
[37.0, 468.0, 117.0, 150.0]
[35.0, 392.0, 98.0, 238.0]
[38.0, 444.0, 111.0, 234.0]
[28.0, 418.0, 104.5, 224.0]
[44.0, 604.0, 151.0, 216.0]
[35.0, 448.0, 112.0, 248.0]
[49.0, 594.0, 148.5, 224.0]
[54.0, 584.0, 146.0, 226.0]
[58.0, 486.0, 121.5, 254.0]
[31.0, 524.0, 131.0, 184.0]
[33.0, 348.0, 87.0, 204.0]
[49.0, 542.0, 135.5, 188.0]
[40.0, 512.0, 128.0, 188.0]
[30.0, 454.0, 113.5, 198.0]
[44.0, 570.0, 142.5, 226.0]
[44.0, 524.0, 131.0, 188.0]
[43.0, 468.0, 117.0, 270.0]
[49.0, 544.0, 136.0, 232.0]
[41.0, 390.0, 97.5, 280.0]
[61.0, 602.0, 150.5, 220.0]
[49.0, 570.0, 142.5, 182.0]
[34.0, 440.0, 110.0, 156.0]
[42.0, 494.0, 123.5, 232.0]
[42.0, 542.0, 135.5, 194.0]
[44.0, 566.0, 141.5, 176.0]
[47.0, 530.0, 132.5, 238.0]
[55.0, 586.0, 146.5, 288.0]
[30.0, 516.0, 129.0, 198.0]
[31.0, 366.0, 91.5, 200.0]
[43.0, 410.0, 102.5, 324.0]
[50.0, 576.0, 144.0, 194.0]
[41.0, 536.0, 134.0, 190.0]
[42.0, 576.0, 144.0, 258.0]
[45.0, 608.0, 152.0, 228.0]
[42.0, 472.0, 118.0, 182.0]
[45.0, 532.0, 133.0, 190.0]
[43.0, 484.0, 121.0, 224.0]
[41.0, 488.0, 122.0, 200.0]
[45.0, 476.0, 119.0, 244.0]
[57.0, 560.0, 140.0, 282.0]
[38.0, 408.0, 102.0, 184.0]
[34.0, 522.0, 130.5, 216.0]
[50.0, 532.0, 133.0, 268.0]
[38.0, 550.0, 137.5, 194.0]
[50.0, 474.0, 118.5, 288.0]
[35.0, 468.0, 117.0, 236.0]
[35.0, 478.0, 119.5, 148.0]
[40.0, 566.0, 141.5, 168.0]
[51.0, 534.0, 133.5, 230.0]
[42.0, 520.0, 130.0, 212.0]
[43.0, 540.0, 135.0, 192.0]
[55.0, 600.0, 150.0, 212.0]
[29.0, 388.0, 97.0, 246.0]
[32.0, 430.0, 107.5, 214.0]
[42.0, 544.0, 136.0, 202.0]
[54.0, 618.0, 154.5, 240.0]
[53.0, 430.0, 107.5, 314.0]
[78.0, 558.0, 139.5, 262.0]
[41.0, 500.0, 125.0, 250.0]
[32.0, 498.0, 124.5, 178.0]
[34.0, 570.0, 142.5, 176.0]
[39.0, 520.0, 130.0, 266.0]
[46.0, 502.0, 125.5, 270.0]
[43.0, 478.0, 119.5, 204.0]
[53.0, 514.0, 128.5, 224.0]
[45.0, 494.0, 123.5, 258.0]
[41.0, 430.0, 107.5, 232.0]
[42.0, 542.0, 135.5, 202.0]
[41.0, 466.0, 116.5, 270.0]
[34.0, 374.0, 93.5, 236.0]
[39.0, 404.0, 101.0, 286.0]
[35.0, 436.0, 109.0, 198.0]
[54.0, 496.0, 124.0, 236.0]
[40.0, 554.0, 138.5, 228.0]
[21.0, 390.0, 97.5, 136.0]
[41.0, 510.0, 127.5, 182.0]
[32.0, 490.0, 122.5, 172.0]
[46.0, 534.0, 133.5, 220.0]
[38.0, 408.0, 102.0, 204.0]
[49.0, 470.0, 117.5, 266.0]
[39.0, 498.0, 124.5, 178.0]
[41.0, 500.0, 125.0, 246.0]
[34.0, 536.0, 134.0, 196.0]
[51.0, 520.0, 130.0, 172.0]
[55.0, 518.0, 129.5, 238.0]
[38.0, 472.0, 118.0, 244.0]
[49.0, 570.0, 142.5, 206.0]
[44.0, 452.0, 113.0, 230.0]
[43.0, 430.0, 107.5, 294.0]
[51.0, 558.0, 139.5, 224.0]
[31.0, 448.0, 112.0, 172.0]
[43.0, 598.0, 149.5, 214.0]
[41.0, 546.0, 136.5, 248.0]
[40.0, 572.0, 143.0, 172.0]
[62.0, 580.0, 145.0, 232.0]
[34.0, 468.0, 117.0, 150.0]
[35.0, 424.0, 106.0, 268.0]
[46.0, 550.0, 137.5, 210.0]
[39.0, 442.0, 110.5, 276.0]
[42.0, 492.0, 123.0, 222.0]
[35.0, 508.0, 127.0, 188.0]
[35.0, 534.0, 133.5, 178.0]
[38.0, 528.0, 132.0, 204.0]
[58.0, 656.0, 164.0, 214.0]
[33.0, 438.0, 109.5, 194.0]
[30.0, 490.0, 122.5, 164.0]
[50.0, 538.0, 134.5, 238.0]
[43.0, 444.0, 111.0, 208.0]
[49.0, 548.0, 137.0, 246.0]
[38.0, 510.0, 127.5, 284.0]
[45.0, 584.0, 146.0, 188.0]
[39.0, 576.0, 144.0, 166.0]
[40.0, 410.0, 102.5, 278.0]
[28.0, 404.0, 101.0, 244.0]
[37.0, 494.0, 123.5, 178.0]
[40.0, 534.0, 133.5, 260.0]
[49.0, 568.0, 142.0, 296.0]
[37.0, 452.0, 113.0, 202.0]
[44.0, 452.0, 113.0, 236.0]
[50.0, 514.0, 128.5, 268.0]
[42.0, 512.0, 128.0, 224.0]
[31.0, 470.0, 117.5, 190.0]
[46.0, 548.0, 137.0, 234.0]
[38.0, 468.0, 117.0, 224.0]
[29.0, 508.0, 127.0, 186.0]
[41.0, 526.0, 131.5, 180.0]
[50.0, 454.0, 113.5, 276.0]
[42.0, 520.0, 130.0, 172.0]
[35.0, 598.0, 149.5, 198.0]
[34.0, 510.0, 127.5, 196.0]
[49.0, 458.0, 114.5, 226.0]
[46.0, 538.0, 134.5, 200.0]
[51.0, 606.0, 151.5, 212.0]
[44.0, 478.0, 119.5, 206.0]
[37.0, 490.0, 122.5, 202.0]
[52.0, 486.0, 121.5, 262.0]
[30.0, 454.0, 113.5, 138.0]
[51.0, 580.0, 145.0, 190.0]
[58.0, 572.0, 143.0, 206.0]
[34.0, 478.0, 119.5, 226.0]
[32.0, 496.0, 124.0, 192.0]
[42.0, 424.0, 106.0, 272.0]
[31.0, 454.0, 113.5, 190.0]
[47.0, 460.0, 115.0, 272.0]
[54.0, 598.0, 149.5, 206.0]
[45.0, 528.0, 132.0, 238.0]
[42.0, 498.0, 124.5, 222.0]
[59.0, 410.0, 102.5, 326.0]
[28.0, 488.0, 122.0, 174.0]
[42.0, 524.0, 131.0, 282.0]
[39.0, 460.0, 115.0, 206.0]
[42.0, 566.0, 141.5, 228.0]
[40.0, 506.0, 126.5, 208.0]
[39.0, 520.0, 130.0, 172.0]
[57.0, 544.0, 136.0, 262.0]
[40.0, 436.0, 109.0, 318.0]
[39.0, 386.0, 96.5, 306.0]
[35.0, 482.0, 120.5, 196.0]
[52.0, 430.0, 107.5, 302.0]
[38.0, 524.0, 131.0, 254.0]
[39.0, 438.0, 109.5, 256.0]
[38.0, 512.0, 128.0, 206.0]
[28.0, 440.0, 110.0, 164.0]
[47.0, 634.0, 158.5, 236.0]
[37.0, 528.0, 132.0, 180.0]
[40.0, 462.0, 115.5, 218.0]
[34.0, 432.0, 108.0, 190.0]
[48.0, 564.0, 141.0, 234.0]
[62.0, 568.0, 142.0, 202.0]
[36.0, 574.0, 143.5, 174.0]
[41.0, 478.0, 119.5, 250.0]
[36.0, 486.0, 121.5, 250.0]
[44.0, 520.0, 130.0, 188.0]
[38.0, 434.0, 108.5, 244.0]
[36.0, 430.0, 107.5, 240.0]
[50.0, 406.0, 101.5, 338.0]
[46.0, 538.0, 134.5, 222.0]
[42.0, 504.0, 126.0, 242.0]
[50.0, 602.0, 150.5, 180.0]
[44.0, 572.0, 143.0, 206.0]
[40.0, 480.0, 120.0, 228.0]
[33.0, 448.0, 112.0, 192.0]
[50.0, 512.0, 128.0, 228.0]
[39.0, 526.0, 131.5, 186.0]
[30.0, 506.0, 126.5, 168.0]
[52.0, 506.0, 126.5, 300.0]
[29.0, 492.0, 123.0, 226.0]
[28.0, 470.0, 117.5, 158.0]
[32.0, 500.0, 125.0, 232.0]
[25.0, 450.0, 112.5, 184.0]
[41.0, 486.0, 121.5, 154.0]
[38.0, 532.0, 133.0, 164.0]
[41.0, 516.0, 129.0, 202.0]
[39.0, 518.0, 129.5, 226.0]
[71.0, 588.0, 147.0, 220.0]
[40.0, 540.0, 135.0, 208.0]
[33.0, 448.0, 112.0, 172.0]
[36.0, 488.0, 122.0, 240.0]
[33.0, 500.0, 125.0, 188.0]
[32.0, 496.0, 124.0, 162.0]
[52.0, 480.0, 120.0, 302.0]
[34.0, 538.0, 134.5, 206.0]
[40.0, 506.0, 126.5, 242.0]
[46.0, 458.0, 114.5, 260.0]
[34.0, 420.0, 105.0, 266.0]
[45.0, 528.0, 132.0, 208.0]
[43.0, 504.0, 126.0, 274.0]
[42.0, 526.0, 131.5, 222.0]
[51.0, 532.0, 133.0, 220.0]
[38.0, 494.0, 123.5, 184.0]
[29.0, 532.0, 133.0, 186.0]
[42.0, 492.0, 123.0, 176.0]
[35.0, 452.0, 113.0, 218.0]
[38.0, 490.0, 122.5, 194.0]
[49.0, 600.0, 150.0, 266.0]
[38.0, 530.0, 132.5, 254.0]
[41.0, 472.0, 118.0, 270.0]
[33.0, 530.0, 132.5, 170.0]
[36.0, 570.0, 142.5, 218.0]
[36.0, 526.0, 131.5, 230.0]
[38.0, 534.0, 133.5, 244.0]
[35.0, 412.0, 103.0, 148.0]
[44.0, 460.0, 115.0, 186.0]
[45.0, 576.0, 144.0, 218.0]
[45.0, 484.0, 121.0, 248.0]
[33.0, 460.0, 115.0, 184.0]
[49.0, 502.0, 125.5, 246.0]
[52.0, 492.0, 123.0, 222.0]
[36.0, 472.0, 118.0, 190.0]
[34.0, 448.0, 112.0, 216.0]
[54.0, 536.0, 134.0, 206.0]
[32.0, 468.0, 117.0, 188.0]
[43.0, 554.0, 138.5, 204.0]
[32.0, 492.0, 123.0, 160.0]
[47.0, 536.0, 134.0, 194.0]
[33.0, 470.0, 117.5, 204.0]
[44.0, 538.0, 134.5, 246.0]
[35.0, 542.0, 135.5, 204.0]
[39.0, 476.0, 119.0, 256.0]
[48.0, 550.0, 137.5, 224.0]
[48.0, 576.0, 144.0, 274.0]
[38.0, 510.0, 127.5, 176.0]
[42.0, 486.0, 121.5, 202.0]
[39.0, 422.0, 105.5, 336.0]
[34.0, 448.0, 112.0, 236.0]
[50.0, 604.0, 151.0, 198.0]
[44.0, 614.0, 153.5, 246.0]
[36.0, 566.0, 141.5, 198.0]
[38.0, 464.0, 116.0, 224.0]
[47.0, 514.0, 128.5, 204.0]
[39.0, 554.0, 138.5, 196.0]
[37.0, 404.0, 101.0, 252.0]
[46.0, 548.0, 137.0, 204.0]
[33.0, 508.0, 127.0, 214.0]
[53.0, 618.0, 154.5, 234.0]
[34.0, 378.0, 94.5, 252.0]
[35.0, 482.0, 120.5, 158.0]
[41.0, 460.0, 115.0, 210.0]
[51.0, 558.0, 139.5, 180.0]
[37.0, 436.0, 109.0, 252.0]
[36.0, 476.0, 119.0, 190.0]
[39.0, 470.0, 117.5, 244.0]
[60.0, 596.0, 149.0, 268.0]
[41.0, 550.0, 137.5, 270.0]
[32.0, 456.0, 114.0, 222.0]
[28.0, 454.0, 113.5, 162.0]
[47.0, 578.0, 144.5, 202.0]
[38.0, 516.0, 129.0, 162.0]
[55.0, 490.0, 122.5, 288.0]
[39.0, 472.0, 118.0, 276.0]
[47.0, 638.0, 159.5, 226.0]
[37.0, 482.0, 120.5, 250.0]
[44.0, 530.0, 132.5, 198.0]
[56.0, 466.0, 116.5, 190.0]
[36.0, 500.0, 125.0, 194.0]
[47.0, 462.0, 115.5, 210.0]
[45.0, 556.0, 139.0, 258.0]
[39.0, 418.0, 104.5, 256.0]
[58.0, 524.0, 131.0, 274.0]
[30.0, 402.0, 100.5, 218.0]
[58.0, 528.0, 132.0, 304.0]
[45.0, 580.0, 145.0, 246.0]
[35.0, 540.0, 135.0, 200.0]
[34.0, 446.0, 111.5, 166.0]
[45.0, 504.0, 126.0, 204.0]
[50.0, 548.0, 137.0, 208.0]
[32.0, 530.0, 132.5, 190.0]
[67.0, 602.0, 150.5, 252.0]
[50.0, 502.0, 125.5, 288.0]
[33.0, 476.0, 119.0, 294.0]
[56.0, 556.0, 139.0, 180.0]
[43.0, 556.0, 139.0, 168.0]
[56.0, 596.0, 149.0, 250.0]
[51.0, 540.0, 135.0, 242.0]
[49.0, 526.0, 131.5, 266.0]
[37.0, 484.0, 121.0, 192.0]
[36.0, 498.0, 124.5, 230.0]
[34.0, 570.0, 142.5, 158.0]
[46.0, 536.0, 134.0, 230.0]
[53.0, 442.0, 110.5, 204.0]
[49.0, 528.0, 132.0, 224.0]
[42.0, 462.0, 115.5, 218.0]
[62.0, 512.0, 128.0, 272.0]
[39.0, 548.0, 137.0, 170.0]
[46.0, 480.0, 120.0, 260.0]
[38.0, 450.0, 112.5, 264.0]
[34.0, 516.0, 129.0, 166.0]
[46.0, 552.0, 138.0, 190.0]
[34.0, 482.0, 120.5, 196.0]
[33.0, 526.0, 131.5, 176.0]
[58.0, 494.0, 123.5, 284.0]
[48.0, 398.0, 99.5, 314.0]
[44.0, 534.0, 133.5, 186.0]
[44.0, 532.0, 133.0, 192.0]
[54.0, 558.0, 139.5, 216.0]
[48.0, 516.0, 129.0, 246.0]
[38.0, 488.0, 122.0, 174.0]
[37.0, 570.0, 142.5, 162.0]
[36.0, 500.0, 125.0, 200.0]
[33.0, 450.0, 112.5, 244.0]
[54.0, 524.0, 131.0, 286.0]
[41.0, 554.0, 138.5, 190.0]
[33.0, 466.0, 116.5, 164.0]
[43.0, 436.0, 109.0, 244.0]
[37.0, 458.0, 114.5, 206.0]
[34.0, 494.0, 123.5, 176.0]
[39.0, 446.0, 111.5, 246.0]
[52.0, 516.0, 129.0, 212.0]
[45.0, 482.0, 120.5, 278.0]
[37.0, 588.0, 147.0, 188.0]
[49.0, 584.0, 146.0, 226.0]
[33.0, 386.0, 96.5, 224.0]
[43.0, 506.0, 126.5, 212.0]
[40.0, 564.0, 141.0, 218.0]
[33.0, 482.0, 120.5, 214.0]
[31.0, 442.0, 110.5, 200.0]
[42.0, 536.0, 134.0, 242.0]
[48.0, 502.0, 125.5, 208.0]
[36.0, 386.0, 96.5, 250.0]
[39.0, 496.0, 124.0, 256.0]
[43.0, 584.0, 146.0, 224.0]
[41.0, 474.0, 118.5, 180.0]
[43.0, 484.0, 121.0, 258.0]
[62.0, 548.0, 137.0, 282.0]
[50.0, 494.0, 123.5, 278.0]
[40.0, 578.0, 144.5, 188.0]
[58.0, 554.0, 138.5, 244.0]
[53.0, 550.0, 137.5, 244.0]
[29.0, 458.0, 114.5, 176.0]
[59.0, 630.0, 157.5, 216.0]
[47.0, 512.0, 128.0, 202.0]
[54.0, 560.0, 140.0, 284.0]
[36.0, 492.0, 123.0, 210.0]
[43.0, 394.0, 98.5, 294.0]
[35.0, 428.0, 107.0, 298.0]
[39.0, 530.0, 132.5, 196.0]
[33.0, 478.0, 119.5, 174.0]
[43.0, 524.0, 131.0, 252.0]
[40.0, 486.0, 121.5, 268.0]
[44.0, 512.0, 128.0, 188.0]
[30.0, 444.0, 111.0, 170.0]
[39.0, 576.0, 144.0, 202.0]
[46.0, 460.0, 115.0, 300.0]
[35.0, 506.0, 126.5, 218.0]
[44.0, 454.0, 113.5, 326.0]
[53.0, 482.0, 120.5, 314.0]
[31.0, 490.0, 122.5, 180.0]
[41.0, 474.0, 118.5, 216.0]
[42.0, 568.0, 142.0, 216.0]
[35.0, 528.0, 132.0, 198.0]
[47.0, 556.0, 139.0, 192.0]
[29.0, 468.0, 117.0, 184.0]
[42.0, 544.0, 136.0, 162.0]
[54.0, 630.0, 157.5, 194.0]
[36.0, 554.0, 138.5, 160.0]
[45.0, 540.0, 135.0, 264.0]
[43.0, 536.0, 134.0, 154.0]
[46.0, 504.0, 126.0, 210.0]
[42.0, 494.0, 123.5, 212.0]
[62.0, 526.0, 131.5, 272.0]
[47.0, 542.0, 135.5, 202.0]
[36.0, 420.0, 105.0, 200.0]
[40.0, 472.0, 118.0, 158.0]
[34.0, 468.0, 117.0, 216.0]
[47.0, 524.0, 131.0, 232.0]
[40.0, 496.0, 124.0, 258.0]
[31.0, 464.0, 116.0, 180.0]
[54.0, 554.0, 138.5, 216.0]
[33.0, 370.0, 92.5, 264.0]
[48.0, 602.0, 150.5, 264.0]
[37.0, 372.0, 93.0, 272.0]
[44.0, 588.0, 147.0, 240.0]
[36.0, 520.0, 130.0, 190.0]
[31.0, 434.0, 108.5, 172.0]
[37.0, 438.0, 109.5, 312.0]
[34.0, 452.0, 113.0, 226.0]
[41.0, 508.0, 127.0, 190.0]
[38.0, 480.0, 120.0, 220.0]
[42.0, 492.0, 123.0, 228.0]
[47.0, 404.0, 101.0, 272.0]
[28.0, 462.0, 115.5, 184.0]
[56.0, 508.0, 127.0, 260.0]
[38.0, 472.0, 118.0, 174.0]
[36.0, 534.0, 133.5, 180.0]
[34.0, 472.0, 118.0, 210.0]
[52.0, 532.0, 133.0, 282.0]
[42.0, 584.0, 146.0, 228.0]
[47.0, 548.0, 137.0, 292.0]
[32.0, 500.0, 125.0, 186.0]
[33.0, 476.0, 119.0, 244.0]
[35.0, 488.0, 122.0, 228.0]
[46.0, 530.0, 132.5, 230.0]
[36.0, 584.0, 146.0, 190.0]
[56.0, 530.0, 132.5, 260.0]
[56.0, 550.0, 137.5, 228.0]
[31.0, 504.0, 126.0, 190.0]
[50.0, 554.0, 138.5, 210.0]
[45.0, 498.0, 124.5, 208.0]
[46.0, 546.0, 136.5, 260.0]
[31.0, 412.0, 103.0, 230.0]
[42.0, 504.0, 126.0, 214.0]
[49.0, 532.0, 133.0, 156.0]
[42.0, 484.0, 121.0, 242.0]
[41.0, 538.0, 134.5, 212.0]
[40.0, 502.0, 125.5, 218.0]
[67.0, 564.0, 141.0, 292.0]
[54.0, 550.0, 137.5, 226.0]
[48.0, 530.0, 132.5, 254.0]
[42.0, 534.0, 133.5, 222.0]
[40.0, 482.0, 120.5, 268.0]
[43.0, 400.0, 100.0, 354.0]
[34.0, 488.0, 122.0, 220.0]
[42.0, 542.0, 135.5, 232.0]
[31.0, 572.0, 143.0, 180.0]
[38.0, 492.0, 123.0, 184.0]
[51.0, 580.0, 145.0, 210.0]
[52.0, 462.0, 115.5, 202.0]
[59.0, 448.0, 112.0, 386.0]
[40.0, 426.0, 106.5, 288.0]
[38.0, 502.0, 125.5, 218.0]
[45.0, 572.0, 143.0, 186.0]
[32.0, 490.0, 122.5, 252.0]
[34.0, 442.0, 110.5, 226.0]
[40.0, 570.0, 142.5, 238.0]
[40.0, 530.0, 132.5, 198.0]
[35.0, 474.0, 118.5, 216.0]
[37.0, 482.0, 120.5, 194.0]
[50.0, 584.0, 146.0, 258.0]
[33.0, 370.0, 92.5, 314.0]
[54.0, 644.0, 161.0, 184.0]
[38.0, 500.0, 125.0, 222.0]
[27.0, 444.0, 111.0, 162.0]
[43.0, 564.0, 141.0, 194.0]
[37.0, 574.0, 143.5, 228.0]
[29.0, 474.0, 118.5, 150.0]
[27.0, 480.0, 120.0, 144.0]
[49.0, 518.0, 129.5, 306.0]
[51.0, 574.0, 143.5, 260.0]
[36.0, 420.0, 105.0, 290.0]
[39.0, 372.0, 93.0, 306.0]
[49.0, 574.0, 143.5, 286.0]
[48.0, 454.0, 113.5, 284.0]
[46.0, 480.0, 120.0, 194.0]
[49.0, 572.0, 143.0, 232.0]
[39.0, 520.0, 130.0, 236.0]
[31.0, 442.0, 110.5, 172.0]
[39.0, 492.0, 123.0, 266.0]
[44.0, 584.0, 146.0, 156.0]
[34.0, 428.0, 107.0, 154.0]
[40.0, 580.0, 145.0, 170.0]
[34.0, 480.0, 120.0, 180.0]
[50.0, 606.0, 151.5, 208.0]
[40.0, 524.0, 131.0, 198.0]
[56.0, 534.0, 133.5, 210.0]
[48.0, 504.0, 126.0, 186.0]
[49.0, 530.0, 132.5, 306.0]
[27.0, 502.0, 125.5, 180.0]
[43.0, 540.0, 135.0, 210.0]
[55.0, 616.0, 154.0, 218.0]
[39.0, 562.0, 140.5, 192.0]
[40.0, 574.0, 143.5, 218.0]
[40.0, 514.0, 128.5, 198.0]
[49.0, 516.0, 129.0, 230.0]
[39.0, 510.0, 127.5, 196.0]
[32.0, 414.0, 103.5, 182.0]
[52.0, 528.0, 132.0, 232.0]
[56.0, 516.0, 129.0, 230.0]
[47.0, 480.0, 120.0, 192.0]
[56.0, 574.0, 143.5, 180.0]
[25.0, 428.0, 107.0, 156.0]
[48.0, 604.0, 151.0, 182.0]
[44.0, 558.0, 139.5, 206.0]
[43.0, 546.0, 136.5, 242.0]
[48.0, 510.0, 127.5, 234.0]
[42.0, 452.0, 113.0, 212.0]
[45.0, 388.0, 97.0, 318.0]
[60.0, 536.0, 134.0, 258.0]
[42.0, 512.0, 128.0, 170.0]
[36.0, 456.0, 114.0, 180.0]
[47.0, 544.0, 136.0, 242.0]
[44.0, 434.0, 108.5, 216.0]
[42.0, 530.0, 132.5, 202.0]
[31.0, 492.0, 123.0, 204.0]
[36.0, 462.0, 115.5, 210.0]
[65.0, 594.0, 148.5, 318.0]
[27.0, 444.0, 111.0, 152.0]
[34.0, 444.0, 111.0, 176.0]
[41.0, 474.0, 118.5, 226.0]
[38.0, 478.0, 119.5, 184.0]
[57.0, 554.0, 138.5, 282.0]
[29.0, 406.0, 101.5, 224.0]
[52.0, 556.0, 139.0, 256.0]
[38.0, 522.0, 130.5, 244.0]
[41.0, 500.0, 125.0, 240.0]
[51.0, 532.0, 133.0, 200.0]
[58.0, 570.0, 142.5, 234.0]
[29.0, 446.0, 111.5, 176.0]
[32.0, 462.0, 115.5, 152.0]
[41.0, 494.0, 123.5, 204.0]
[39.0, 578.0, 144.5, 206.0]
[42.0, 512.0, 128.0, 262.0]
[40.0, 520.0, 130.0, 202.0]
[39.0, 502.0, 125.5, 230.0]
[74.0, 602.0, 150.5, 306.0]
[51.0, 500.0, 125.0, 250.0]
[36.0, 560.0, 140.0, 168.0]
[48.0, 418.0, 104.5, 294.0]
[40.0, 532.0, 133.0, 214.0]
[48.0, 562.0, 140.5, 204.0]
[58.0, 508.0, 127.0, 294.0]
[24.0, 438.0, 109.5, 126.0]
[39.0, 446.0, 111.5, 246.0]
[41.0, 422.0, 105.5, 290.0]
[36.0, 508.0, 127.0, 224.0]
[35.0, 460.0, 115.0, 228.0]
[30.0, 570.0, 142.5, 174.0]
[39.0, 490.0, 122.5, 200.0]
[53.0, 508.0, 127.0, 214.0]
[52.0, 552.0, 138.0, 312.0]
[41.0, 512.0, 128.0, 196.0]
[53.0, 478.0, 119.5, 204.0]
[36.0, 558.0, 139.5, 180.0]
[40.0, 446.0, 111.5, 198.0]
[39.0, 468.0, 117.0, 236.0]
[44.0, 514.0, 128.5, 206.0]
[34.0, 520.0, 130.0, 156.0]
[32.0, 486.0, 121.5, 192.0]
[37.0, 466.0, 116.5, 252.0]
[40.0, 540.0, 135.0, 208.0]
[51.0, 446.0, 111.5, 330.0]
[40.0, 538.0, 134.5, 228.0]
[39.0, 450.0, 112.5, 146.0]
[46.0, 520.0, 130.0, 210.0]
[34.0, 468.0, 117.0, 176.0]
[46.0, 462.0, 115.5, 258.0]
[49.0, 574.0, 143.5, 196.0]
[38.0, 508.0, 127.0, 198.0]
[54.0, 532.0, 133.0, 298.0]
[32.0, 478.0, 119.5, 182.0]
[31.0, 448.0, 112.0, 200.0]
[28.0, 484.0, 121.0, 168.0]
[45.0, 556.0, 139.0, 198.0]
[36.0, 446.0, 111.5, 190.0]
[51.0, 536.0, 134.0, 180.0]
[37.0, 494.0, 123.5, 212.0]
[28.0, 448.0, 112.0, 154.0]
[52.0, 540.0, 135.0, 212.0]
[40.0, 492.0, 123.0, 188.0]
[33.0, 566.0, 141.5, 224.0]
[23.0, 448.0, 112.0, 154.0]
[55.0, 540.0, 135.0, 288.0]
[42.0, 518.0, 129.5, 202.0]
[46.0, 398.0, 99.5, 300.0]
[44.0, 542.0, 135.5, 222.0]
[48.0, 420.0, 105.0, 284.0]
[33.0, 504.0, 126.0, 194.0]
[42.0, 590.0, 147.5, 202.0]
[39.0, 492.0, 123.0, 236.0]
[47.0, 486.0, 121.5, 262.0]
[42.0, 508.0, 127.0, 202.0]
[51.0, 472.0, 118.0, 330.0]
[39.0, 540.0, 135.0, 206.0]
[35.0, 498.0, 124.5, 248.0]
[33.0, 466.0, 116.5, 234.0]
[48.0, 538.0, 134.5, 258.0]
[47.0, 546.0, 136.5, 206.0]
[38.0, 386.0, 96.5, 304.0]
[42.0, 480.0, 120.0, 192.0]
[52.0, 580.0, 145.0, 262.0]
[31.0, 500.0, 125.0, 138.0]
[36.0, 490.0, 122.5, 170.0]
[39.0, 516.0, 129.0, 192.0]
[42.0, 544.0, 136.0, 172.0]
[36.0, 468.0, 117.0, 270.0]
[42.0, 456.0, 114.0, 252.0]
[58.0, 524.0, 131.0, 294.0]
[39.0, 508.0, 127.0, 182.0]
[37.0, 528.0, 132.0, 312.0]
[38.0, 468.0, 117.0, 224.0]
[39.0, 498.0, 124.5, 214.0]
[52.0, 538.0, 134.5, 222.0]
[49.0, 460.0, 115.0, 246.0]
[34.0, 472.0, 118.0, 244.0]
[42.0, 408.0, 102.0, 252.0]
[52.0, 558.0, 139.5, 188.0]
[50.0, 520.0, 130.0, 226.0]
[40.0, 504.0, 126.0, 236.0]
[36.0, 532.0, 133.0, 180.0]
[43.0, 604.0, 151.0, 216.0]
[42.0, 506.0, 126.5, 182.0]
[41.0, 486.0, 121.5, 220.0]
[34.0, 440.0, 110.0, 206.0]
[36.0, 514.0, 128.5, 236.0]
[29.0, 422.0, 105.5, 196.0]
[47.0, 480.0, 120.0, 252.0]
[46.0, 618.0, 154.5, 238.0]
[29.0, 450.0, 112.5, 216.0]
[46.0, 522.0, 130.5, 270.0]
[40.0, 522.0, 130.5, 208.0]
[46.0, 488.0, 122.0, 200.0]
[48.0, 528.0, 132.0, 214.0]
[40.0, 506.0, 126.5, 268.0]
[37.0, 540.0, 135.0, 190.0]
[47.0, 608.0, 152.0, 232.0]
[46.0, 438.0, 109.5, 268.0]
[38.0, 546.0, 136.5, 188.0]
[44.0, 522.0, 130.5, 296.0]
[45.0, 458.0, 114.5, 278.0]
[30.0, 492.0, 123.0, 158.0]
[36.0, 448.0, 112.0, 210.0]
[29.0, 446.0, 111.5, 166.0]
[28.0, 376.0, 94.0, 224.0]
[57.0, 500.0, 125.0, 282.0]
[52.0, 648.0, 162.0, 252.0]
[45.0, 514.0, 128.5, 210.0]
[33.0, 498.0, 124.5, 174.0]
[44.0, 546.0, 136.5, 186.0]
[40.0, 554.0, 138.5, 188.0]
[41.0, 488.0, 122.0, 240.0]
[37.0, 560.0, 140.0, 182.0]
[42.0, 470.0, 117.5, 180.0]
[38.0, 532.0, 133.0, 172.0]
[53.0, 462.0, 115.5, 194.0]
[34.0, 418.0, 104.5, 186.0]
[35.0, 394.0, 98.5, 258.0]
[41.0, 510.0, 127.5, 200.0]
[48.0, 520.0, 130.0, 182.0]
[53.0, 486.0, 121.5, 194.0]
[39.0, 462.0, 115.5, 306.0]
[35.0, 524.0, 131.0, 208.0]
[45.0, 540.0, 135.0, 268.0]
[66.0, 536.0, 134.0, 220.0]
[27.0, 428.0, 107.0, 180.0]
[40.0, 558.0, 139.5, 172.0]
[48.0, 608.0, 152.0, 228.0]
[44.0, 526.0, 131.5, 196.0]
[44.0, 594.0, 148.5, 178.0]
[46.0, 564.0, 141.0, 228.0]
[45.0, 504.0, 126.0, 198.0]
[36.0, 514.0, 128.5, 200.0]
[43.0, 506.0, 126.5, 184.0]
[50.0, 570.0, 142.5, 168.0]
[60.0, 482.0, 120.5, 204.0]
[44.0, 612.0, 153.0, 186.0]
[46.0, 560.0, 140.0, 180.0]
[51.0, 426.0, 106.5, 290.0]
[51.0, 590.0, 147.5, 230.0]
[34.0, 514.0, 128.5, 174.0]
[44.0, 554.0, 138.5, 186.0]
[48.0, 488.0, 122.0, 294.0]
[36.0, 434.0, 108.5, 198.0]
[43.0, 554.0, 138.5, 230.0]
[29.0, 512.0, 128.0, 196.0]
[48.0, 538.0, 134.5, 194.0]
[37.0, 506.0, 126.5, 166.0]
[40.0, 504.0, 126.0, 222.0]
[44.0, 566.0, 141.5, 246.0]
[45.0, 554.0, 138.5, 208.0]
[48.0, 506.0, 126.5, 264.0]
[34.0, 362.0, 90.5, 216.0]
[55.0, 436.0, 109.0, 228.0]
[46.0, 492.0, 123.0, 180.0]
[46.0, 408.0, 102.0, 250.0]
[40.0, 572.0, 143.0, 166.0]
[48.0, 618.0, 154.5, 214.0]
[33.0, 502.0, 125.5, 138.0]
[38.0, 554.0, 138.5, 194.0]
[44.0, 608.0, 152.0, 186.0]
[36.0, 452.0, 113.0, 200.0]
[38.0, 468.0, 117.0, 230.0]
[39.0, 550.0, 137.5, 196.0]
[28.0, 480.0, 120.0, 144.0]
[53.0, 438.0, 109.5, 244.0]
[52.0, 528.0, 132.0, 178.0]
[27.0, 442.0, 110.5, 152.0]
[47.0, 498.0, 124.5, 292.0]
[32.0, 492.0, 123.0, 162.0]
[37.0, 516.0, 129.0, 162.0]
[48.0, 558.0, 139.5, 314.0]
[42.0, 468.0, 117.0, 236.0]
[32.0, 508.0, 127.0, 190.0]
[42.0, 478.0, 119.5, 222.0]
[31.0, 406.0, 101.5, 182.0]
[37.0, 578.0, 144.5, 200.0]
[55.0, 434.0, 108.5, 208.0]
[44.0, 604.0, 151.0, 276.0]
[40.0, 554.0, 138.5, 178.0]
[27.0, 440.0, 110.0, 192.0]
[30.0, 400.0, 100.0, 158.0]
[33.0, 496.0, 124.0, 184.0]
[42.0, 520.0, 130.0, 202.0]
[48.0, 466.0, 116.5, 294.0]
[55.0, 532.0, 133.0, 244.0]
[66.0, 594.0, 148.5, 230.0]
[31.0, 462.0, 115.5, 220.0]
[39.0, 390.0, 97.5, 286.0]
[57.0, 532.0, 133.0, 234.0]
[32.0, 468.0, 117.0, 212.0]
[34.0, 490.0, 122.5, 204.0]
[36.0, 512.0, 128.0, 188.0]
[37.0, 466.0, 116.5, 252.0]
[34.0, 518.0, 129.5, 202.0]
[36.0, 456.0, 114.0, 280.0]
[29.0, 476.0, 119.0, 196.0]
[36.0, 466.0, 116.5, 190.0]
[32.0, 374.0, 93.5, 272.0]
[35.0, 512.0, 128.0, 166.0]
[41.0, 524.0, 131.0, 230.0]
[41.0, 454.0, 113.5, 218.0]
[33.0, 540.0, 135.0, 174.0]
[43.0, 586.0, 146.5, 224.0]
[32.0, 442.0, 110.5, 252.0]
[34.0, 486.0, 121.5, 216.0]
[41.0, 560.0, 140.0, 172.0]
[44.0, 584.0, 146.0, 206.0]
[46.0, 456.0, 114.0, 310.0]
[34.0, 368.0, 92.0, 276.0]
[38.0, 434.0, 108.5, 234.0]
[27.0, 430.0, 107.5, 150.0]
[35.0, 526.0, 131.5, 194.0]
[53.0, 552.0, 138.0, 178.0]
[41.0, 496.0, 124.0, 210.0]
[54.0, 520.0, 130.0, 306.0]
[45.0, 418.0, 104.5, 348.0]
[43.0, 514.0, 128.5, 230.0]
[39.0, 536.0, 134.0, 168.0]
[36.0, 488.0, 122.0, 220.0]
[43.0, 494.0, 123.5, 250.0]
[54.0, 586.0, 146.5, 186.0]
[36.0, 464.0, 116.0, 226.0]
[40.0, 586.0, 146.5, 226.0]
[50.0, 544.0, 136.0, 238.0]
[37.0, 540.0, 135.0, 192.0]
[39.0, 448.0, 112.0, 216.0]
[51.0, 626.0, 156.5, 190.0]
[35.0, 506.0, 126.5, 154.0]
[36.0, 490.0, 122.5, 230.0]
[52.0, 536.0, 134.0, 232.0]
[32.0, 516.0, 129.0, 192.0]
[56.0, 524.0, 131.0, 240.0]
[38.0, 444.0, 111.0, 254.0]
[42.0, 502.0, 125.5, 246.0]
[39.0, 462.0, 115.5, 226.0]
[39.0, 464.0, 116.0, 186.0]
[37.0, 480.0, 120.0, 200.0]
[45.0, 422.0, 105.5, 228.0]
[51.0, 592.0, 148.0, 250.0]
[53.0, 522.0, 130.5, 324.0]
[37.0, 482.0, 120.5, 182.0]
[37.0, 520.0, 130.0, 252.0]
[40.0, 514.0, 128.5, 208.0]
[34.0, 516.0, 129.0, 196.0]
[45.0, 526.0, 131.5, 258.0]
[50.0, 534.0, 133.5, 308.0]
[49.0, 560.0, 140.0, 216.0]
[53.0, 550.0, 137.5, 224.0]
[40.0, 490.0, 122.5, 154.0]
[34.0, 466.0, 116.5, 186.0]
[45.0, 526.0, 131.5, 232.0]
[42.0, 526.0, 131.5, 208.0]
[34.0, 480.0, 120.0, 186.0]
[29.0, 498.0, 124.5, 206.0]
[40.0, 462.0, 115.5, 198.0]
[36.0, 436.0, 109.0, 206.0]
[51.0, 550.0, 137.5, 220.0]
[41.0, 466.0, 116.5, 230.0]
[47.0, 518.0, 129.5, 244.0]
[37.0, 414.0, 103.5, 162.0]
[62.0, 562.0, 140.5, 302.0]
[47.0, 430.0, 107.5, 212.0]
[43.0, 606.0, 151.5, 214.0]
[37.0, 466.0, 116.5, 182.0]
[51.0, 514.0, 128.5, 270.0]
[37.0, 468.0, 117.0, 212.0]
[38.0, 456.0, 114.0, 188.0]
[57.0, 632.0, 158.0, 224.0]
[41.0, 458.0, 114.5, 276.0]
[45.0, 540.0, 135.0, 192.0]
[32.0, 520.0, 130.0, 158.0]
[30.0, 434.0, 108.5, 198.0]
[41.0, 468.0, 117.0, 180.0]
[37.0, 456.0, 114.0, 222.0]
[36.0, 524.0, 131.0, 200.0]
[44.0, 572.0, 143.0, 286.0]
[51.0, 550.0, 137.5, 220.0]
[35.0, 448.0, 112.0, 238.0]
[34.0, 532.0, 133.0, 206.0]
[37.0, 486.0, 121.5, 192.0]
[38.0, 426.0, 106.5, 224.0]
[33.0, 432.0, 108.0, 214.0]
[33.0, 440.0, 110.0, 214.0]
[43.0, 488.0, 122.0, 224.0]
[39.0, 430.0, 107.5, 246.0]
[42.0, 490.0, 122.5, 242.0]
[48.0, 524.0, 131.0, 224.0]
[42.0, 528.0, 132.0, 232.0]
[35.0, 432.0, 108.0, 208.0]
[34.0, 458.0, 114.5, 210.0]
[43.0, 484.0, 121.0, 234.0]
[37.0, 430.0, 107.5, 232.0]
[43.0, 516.0, 129.0, 258.0]
[42.0, 428.0, 107.0, 306.0]
[42.0, 434.0, 108.5, 272.0]
[50.0, 528.0, 132.0, 208.0]
[32.0, 540.0, 135.0, 162.0]
[29.0, 468.0, 117.0, 176.0]
[45.0, 510.0, 127.5, 226.0]
[42.0, 532.0, 133.0, 216.0]
[40.0, 446.0, 111.5, 258.0]
[32.0, 550.0, 137.5, 186.0]
[40.0, 536.0, 134.0, 188.0]
[32.0, 456.0, 114.0, 202.0]
[32.0, 506.0, 126.5, 222.0]
[30.0, 470.0, 117.5, 198.0]
[36.0, 452.0, 113.0, 270.0]
[35.0, 430.0, 107.5, 190.0]
[37.0, 502.0, 125.5, 222.0]
[46.0, 486.0, 121.5, 250.0]
[46.0, 468.0, 117.0, 220.0]
[39.0, 528.0, 132.0, 246.0]
[49.0, 580.0, 145.0, 232.0]
[48.0, 498.0, 124.5, 254.0]
[36.0, 364.0, 91.0, 300.0]
[50.0, 574.0, 143.5, 218.0]
[47.0, 544.0, 136.0, 262.0]
[35.0, 478.0, 119.5, 218.0]
[35.0, 482.0, 120.5, 188.0]
[36.0, 466.0, 116.5, 192.0]
[33.0, 532.0, 133.0, 208.0]
[37.0, 578.0, 144.5, 210.0]
[55.0, 550.0, 137.5, 258.0]
[40.0, 506.0, 126.5, 234.0]
[43.0, 598.0, 149.5, 224.0]
[53.0, 544.0, 136.0, 190.0]
[40.0, 470.0, 117.5, 184.0]
[39.0, 518.0, 129.5, 184.0]
[35.0, 424.0, 106.0, 286.0]
[43.0, 504.0, 126.0, 212.0]
[63.0, 546.0, 136.5, 264.0]
[47.0, 586.0, 146.5, 224.0]
[38.0, 536.0, 134.0, 180.0]
[33.0, 384.0, 96.0, 294.0]
[32.0, 446.0, 111.5, 192.0]
[45.0, 364.0, 91.0, 338.0]
[50.0, 556.0, 139.0, 188.0]
[38.0, 436.0, 109.0, 244.0]
[48.0, 474.0, 118.5, 244.0]
[47.0, 484.0, 121.0, 252.0]
[31.0, 406.0, 101.5, 192.0]
[42.0, 464.0, 116.0, 252.0]
[54.0, 558.0, 139.5, 210.0]
[55.0, 500.0, 125.0, 318.0]
[40.0, 522.0, 130.5, 174.0]
[27.0, 414.0, 103.5, 222.0]
[51.0, 586.0, 146.5, 260.0]
[37.0, 568.0, 142.0, 156.0]
[37.0, 548.0, 137.0, 190.0]
[44.0, 540.0, 135.0, 226.0]
[40.0, 434.0, 108.5, 228.0]
[30.0, 462.0, 115.5, 174.0]
[35.0, 438.0, 109.5, 228.0]
[41.0, 532.0, 133.0, 148.0]
[40.0, 606.0, 151.5, 192.0]
[53.0, 466.0, 116.5, 304.0]
[57.0, 554.0, 138.5, 294.0]
[34.0, 486.0, 121.5, 216.0]
[52.0, 568.0, 142.0, 162.0]
[42.0, 510.0, 127.5, 162.0]
[38.0, 444.0, 111.0, 222.0]
[34.0, 468.0, 117.0, 176.0]
[35.0, 560.0, 140.0, 158.0]
[51.0, 460.0, 115.0, 230.0]
[48.0, 484.0, 121.0, 208.0]
[40.0, 544.0, 136.0, 194.0]
[33.0, 520.0, 130.0, 214.0]
[43.0, 502.0, 125.5, 258.0]
[32.0, 390.0, 97.5, 202.0]
[44.0, 594.0, 148.5, 194.0]
[53.0, 594.0, 148.5, 174.0]
[43.0, 546.0, 136.5, 194.0]
[48.0, 516.0, 129.0, 214.0]
[55.0, 558.0, 139.5, 250.0]
[46.0, 534.0, 133.5, 260.0]
[46.0, 538.0, 134.5, 230.0]
[46.0, 528.0, 132.0, 208.0]
[31.0, 462.0, 115.5, 190.0]
[60.0, 528.0, 132.0, 208.0]
[38.0, 472.0, 118.0, 184.0]
[41.0, 452.0, 113.0, 190.0]
[41.0, 532.0, 133.0, 220.0]
[50.0, 456.0, 114.0, 358.0]
[46.0, 516.0, 129.0, 200.0]
[57.0, 588.0, 147.0, 222.0]
[55.0, 542.0, 135.5, 274.0]
[37.0, 420.0, 105.0, 262.0]
[34.0, 546.0, 136.5, 186.0]
[45.0, 548.0, 137.0, 178.0]
[45.0, 444.0, 111.0, 288.0]
[28.0, 486.0, 121.5, 164.0]
[35.0, 514.0, 128.5, 198.0]
[55.0, 484.0, 121.0, 258.0]
[55.0, 556.0, 139.0, 174.0]
[35.0, 468.0, 117.0, 188.0]
[50.0, 476.0, 119.0, 246.0]
[36.0, 528.0, 132.0, 200.0]
[37.0, 434.0, 108.5, 152.0]
[52.0, 536.0, 134.0, 212.0]
[52.0, 526.0, 131.5, 322.0]
[47.0, 550.0, 137.5, 282.0]
[38.0, 490.0, 122.5, 204.0]
[34.0, 504.0, 126.0, 146.0]
[31.0, 480.0, 120.0, 240.0]
[34.0, 384.0, 96.0, 156.0]
[29.0, 486.0, 121.5, 180.0]
[55.0, 550.0, 137.5, 218.0]
[41.0, 512.0, 128.0, 210.0]
[46.0, 540.0, 135.0, 250.0]
[44.0, 462.0, 115.5, 246.0]
[44.0, 542.0, 135.5, 196.0]
[59.0, 554.0, 138.5, 236.0]
[45.0, 530.0, 132.5, 228.0]
[37.0, 404.0, 101.0, 138.0]
[37.0, 526.0, 131.5, 192.0]
[30.0, 440.0, 110.0, 178.0]
[47.0, 492.0, 123.0, 198.0]
[37.0, 448.0, 112.0, 292.0]
[48.0, 476.0, 119.0, 284.0]
[39.0, 440.0, 110.0, 176.0]
[42.0, 518.0, 129.5, 192.0]
[58.0, 508.0, 127.0, 224.0]
[44.0, 526.0, 131.5, 236.0]
[48.0, 518.0, 129.5, 264.0]
[42.0, 478.0, 119.5, 196.0]
[45.0, 454.0, 113.5, 236.0]
[43.0, 544.0, 136.0, 184.0]
[42.0, 508.0, 127.0, 212.0]
[31.0, 446.0, 111.5, 210.0]
[44.0, 526.0, 131.5, 190.0]
[40.0, 490.0, 122.5, 168.0]
[40.0, 500.0, 125.0, 218.0]
[31.0, 458.0, 114.5, 210.0]
[42.0, 504.0, 126.0, 192.0]
[31.0, 430.0, 107.5, 260.0]
[37.0, 516.0, 129.0, 220.0]
[45.0, 548.0, 137.0, 198.0]
[55.0, 646.0, 161.5, 192.0]
[45.0, 444.0, 111.0, 288.0]
[42.0, 536.0, 134.0, 212.0]
[49.0, 486.0, 121.5, 226.0]
[46.0, 544.0, 136.0, 252.0]
[56.0, 580.0, 145.0, 180.0]
[43.0, 496.0, 124.0, 236.0]
[49.0, 500.0, 125.0, 196.0]
[43.0, 536.0, 134.0, 264.0]
[50.0, 550.0, 137.5, 236.0]
[40.0, 472.0, 118.0, 228.0]
[40.0, 508.0, 127.0, 208.0]
[34.0, 510.0, 127.5, 156.0]
[32.0, 418.0, 104.5, 162.0]
[56.0, 574.0, 143.5, 210.0]
[36.0, 508.0, 127.0, 216.0]
[37.0, 502.0, 125.5, 214.0]
[48.0, 478.0, 119.5, 214.0]
[47.0, 550.0, 137.5, 262.0]
[50.0, 492.0, 123.0, 248.0]
[30.0, 550.0, 137.5, 168.0]
[35.0, 450.0, 112.5, 238.0]
[27.0, 396.0, 99.0, 202.0]
[38.0, 518.0, 129.5, 248.0]
[30.0, 526.0, 131.5, 152.0]
[41.0, 600.0, 150.0, 270.0]
[44.0, 568.0, 142.0, 236.0]
[36.0, 488.0, 122.0, 252.0]
[45.0, 556.0, 139.0, 174.0]
[42.0, 522.0, 130.5, 222.0]
[28.0, 448.0, 112.0, 172.0]
[38.0, 562.0, 140.5, 186.0]
[31.0, 466.0, 116.5, 230.0]
[56.0, 474.0, 118.5, 234.0]
[50.0, 482.0, 120.5, 328.0]
[48.0, 572.0, 143.0, 184.0]
[45.0, 470.0, 117.5, 208.0]
[45.0, 536.0, 134.0, 236.0]
[32.0, 502.0, 125.5, 210.0]
[61.0, 584.0, 146.0, 220.0]
[45.0, 464.0, 116.0, 218.0]
[41.0, 530.0, 132.5, 196.0]
[78.0, 528.0, 132.0, 264.0]
[38.0, 570.0, 142.5, 194.0]
[42.0, 454.0, 113.5, 252.0]
[26.0, 438.0, 109.5, 120.0]
[32.0, 436.0, 109.0, 260.0]
[39.0, 514.0, 128.5, 190.0]
[31.0, 446.0, 111.5, 220.0]
[41.0, 370.0, 92.5, 172.0]
[43.0, 508.0, 127.0, 234.0]
[33.0, 508.0, 127.0, 174.0]
[35.0, 428.0, 107.0, 258.0]
[35.0, 462.0, 115.5, 218.0]
[47.0, 500.0, 125.0, 242.0]
[36.0, 502.0, 125.5, 212.0]
[57.0, 500.0, 125.0, 272.0]
[43.0, 454.0, 113.5, 246.0]
[40.0, 538.0, 134.5, 232.0]
[50.0, 510.0, 127.5, 258.0]
[41.0, 524.0, 131.0, 240.0]
[36.0, 510.0, 127.5, 214.0]
[43.0, 464.0, 116.0, 194.0]
[50.0, 572.0, 143.0, 152.0]
[53.0, 556.0, 139.0, 222.0]
[49.0, 556.0, 139.0, 216.0]
[50.0, 666.0, 166.5, 206.0]
[68.0, 558.0, 139.5, 304.0]
[44.0, 556.0, 139.0, 186.0]
[40.0, 460.0, 115.0, 318.0]
[31.0, 474.0, 118.5, 166.0]
[46.0, 606.0, 151.5, 184.0]
[38.0, 562.0, 140.5, 184.0]
[50.0, 500.0, 125.0, 168.0]
[44.0, 462.0, 115.5, 236.0]
[56.0, 596.0, 149.0, 210.0]
[40.0, 502.0, 125.5, 208.0]
[60.0, 566.0, 141.5, 218.0]
[36.0, 514.0, 128.5, 260.0]
[28.0, 550.0, 137.5, 174.0]
[44.0, 488.0, 122.0, 276.0]
[32.0, 374.0, 93.5, 192.0]
[53.0, 554.0, 138.5, 184.0]
[37.0, 498.0, 124.5, 148.0]
[54.0, 532.0, 133.0, 276.0]
[48.0, 498.0, 124.5, 184.0]
[36.0, 512.0, 128.0, 220.0]
[47.0, 514.0, 128.5, 208.0]
[58.0, 618.0, 154.5, 244.0]
[36.0, 486.0, 121.5, 200.0]
[39.0, 450.0, 112.5, 226.0]
[33.0, 450.0, 112.5, 184.0]
[41.0, 436.0, 109.0, 280.0]
[47.0, 572.0, 143.0, 208.0]
[33.0, 512.0, 128.0, 182.0]
[36.0, 526.0, 131.5, 198.0]
[44.0, 506.0, 126.5, 232.0]
[44.0, 596.0, 149.0, 206.0]
[51.0, 598.0, 149.5, 228.0]
[26.0, 480.0, 120.0, 170.0]
[43.0, 482.0, 120.5, 210.0]
[46.0, 540.0, 135.0, 240.0]
[48.0, 608.0, 152.0, 174.0]
[41.0, 488.0, 122.0, 210.0]
[41.0, 466.0, 116.5, 194.0]
[39.0, 588.0, 147.0, 186.0]
[38.0, 558.0, 139.5, 156.0]
[33.0, 428.0, 107.0, 224.0]
[35.0, 474.0, 118.5, 228.0]
[31.0, 470.0, 117.5, 160.0]
[37.0, 494.0, 123.5, 222.0]
[38.0, 466.0, 116.5, 214.0]
[34.0, 436.0, 109.0, 206.0]
[33.0, 410.0, 102.5, 244.0]
[43.0, 554.0, 138.5, 214.0]
[38.0, 410.0, 102.5, 194.0]
[64.0, 568.0, 142.0, 258.0]
[31.0, 530.0, 132.5, 210.0]
[47.0, 540.0, 135.0, 242.0]
[50.0, 574.0, 143.5, 198.0]
[45.0, 588.0, 147.0, 208.0]
[58.0, 528.0, 132.0, 304.0]
[43.0, 536.0, 134.0, 214.0]
[30.0, 482.0, 120.5, 192.0]
[26.0, 486.0, 121.5, 170.0]
[38.0, 494.0, 123.5, 234.0]
[43.0, 498.0, 124.5, 200.0]
[37.0, 548.0, 137.0, 202.0]
[42.0, 416.0, 104.0, 292.0]
[47.0, 480.0, 120.0, 250.0]
[34.0, 466.0, 116.5, 196.0]
[30.0, 434.0, 108.5, 138.0]
[38.0, 458.0, 114.5, 284.0]
[40.0, 482.0, 120.5, 218.0]
[57.0, 504.0, 126.0, 282.0]
[42.0, 514.0, 128.5, 232.0]
[39.0, 418.0, 104.5, 316.0]
[55.0, 466.0, 116.5, 288.0]
[37.0, 430.0, 107.5, 152.0]
[37.0, 536.0, 134.0, 252.0]
[42.0, 526.0, 131.5, 212.0]
[49.0, 486.0, 121.5, 206.0]
[28.0, 424.0, 106.0, 254.0]
[42.0, 566.0, 141.5, 248.0]
[32.0, 452.0, 113.0, 232.0]
[42.0, 530.0, 132.5, 198.0]
[42.0, 488.0, 122.0, 232.0]
[52.0, 564.0, 141.0, 174.0]
[61.0, 510.0, 127.5, 320.0]
[50.0, 528.0, 132.0, 308.0]
[37.0, 506.0, 126.5, 212.0]
[36.0, 464.0, 116.0, 260.0]
[41.0, 534.0, 133.5, 190.0]
[32.0, 412.0, 103.0, 282.0]
[49.0, 588.0, 147.0, 224.0]
[45.0, 428.0, 107.0, 298.0]
[43.0, 554.0, 138.5, 218.0]
[38.0, 516.0, 129.0, 224.0]
[38.0, 452.0, 113.0, 214.0]
[38.0, 426.0, 106.5, 244.0]
[35.0, 452.0, 113.0, 188.0]
[42.0, 492.0, 123.0, 202.0]
[25.0, 444.0, 111.0, 184.0]
[59.0, 488.0, 122.0, 306.0]
[34.0, 386.0, 96.5, 296.0]
[44.0, 524.0, 131.0, 246.0]
[36.0, 532.0, 133.0, 190.0]
[41.0, 504.0, 126.0, 184.0]
[54.0, 606.0, 151.5, 236.0]
[36.0, 514.0, 128.5, 170.0]
[41.0, 536.0, 134.0, 204.0]
[40.0, 550.0, 137.5, 158.0]
[32.0, 468.0, 117.0, 182.0]
[46.0, 512.0, 128.0, 240.0]
[33.0, 474.0, 118.5, 214.0]
[42.0, 444.0, 111.0, 256.0]
[31.0, 426.0, 106.5, 240.0]
[30.0, 470.0, 117.5, 168.0]
[46.0, 592.0, 148.0, 170.0]
[52.0, 554.0, 138.5, 242.0]
[55.0, 612.0, 153.0, 196.0]
[35.0, 500.0, 125.0, 162.0]
[28.0, 426.0, 106.5, 164.0]
[25.0, 426.0, 106.5, 176.0]
[38.0, 428.0, 107.0, 274.0]
[39.0, 580.0, 145.0, 164.0]
[61.0, 504.0, 126.0, 228.0]
[29.0, 464.0, 116.0, 196.0]
[32.0, 492.0, 123.0, 212.0]
[38.0, 444.0, 111.0, 234.0]
[40.0, 538.0, 134.5, 168.0]
[38.0, 412.0, 103.0, 294.0]
[50.0, 564.0, 141.0, 178.0]
[38.0, 510.0, 127.5, 244.0]
[32.0, 428.0, 107.0, 232.0]
[47.0, 464.0, 116.0, 252.0]
[33.0, 464.0, 116.0, 254.0]
[33.0, 410.0, 102.5, 244.0]
[46.0, 598.0, 149.5, 188.0]
[40.0, 522.0, 130.5, 248.0]
[41.0, 552.0, 138.0, 146.0]
[57.0, 416.0, 104.0, 272.0]
[33.0, 462.0, 115.5, 222.0]
[48.0, 484.0, 121.0, 234.0]
[47.0, 506.0, 126.5, 202.0]
[55.0, 484.0, 121.0, 256.0]
[26.0, 426.0, 106.5, 170.0]
[36.0, 496.0, 124.0, 260.0]
[38.0, 540.0, 135.0, 242.0]
[49.0, 492.0, 123.0, 246.0]
[48.0, 568.0, 142.0, 198.0]
[41.0, 492.0, 123.0, 260.0]
[37.0, 532.0, 133.0, 184.0]
[55.0, 546.0, 136.5, 198.0]
[52.0, 580.0, 145.0, 200.0]
[51.0, 520.0, 130.0, 280.0]
[36.0, 536.0, 134.0, 230.0]
[37.0, 500.0, 125.0, 202.0]
[30.0, 380.0, 95.0, 238.0]
[41.0, 588.0, 147.0, 204.0]
[40.0, 494.0, 123.5, 238.0]
[38.0, 564.0, 141.0, 194.0]
[35.0, 502.0, 125.5, 198.0]
[37.0, 460.0, 115.0, 270.0]
[33.0, 420.0, 105.0, 214.0]
[33.0, 508.0, 127.0, 184.0]
[39.0, 528.0, 132.0, 206.0]
[50.0, 538.0, 134.5, 216.0]
[59.0, 510.0, 127.5, 236.0]
[40.0, 580.0, 145.0, 196.0]
[40.0, 490.0, 122.5, 254.0]
[39.0, 464.0, 116.0, 226.0]
[56.0, 582.0, 145.5, 220.0]
[49.0, 568.0, 142.0, 216.0]
[43.0, 588.0, 147.0, 284.0]
[30.0, 496.0, 124.0, 158.0]
[40.0, 540.0, 135.0, 202.0]
[48.0, 442.0, 110.5, 324.0]
[36.0, 534.0, 133.5, 240.0]
[36.0, 414.0, 103.5, 230.0]
[48.0, 514.0, 128.5, 204.0]
[43.0, 454.0, 113.5, 224.0]
[35.0, 456.0, 114.0, 208.0]
[44.0, 598.0, 149.5, 226.0]
[35.0, 518.0, 129.5, 238.0]
[64.0, 452.0, 113.0, 306.0]
[33.0, 564.0, 141.0, 164.0]
[39.0, 534.0, 133.5, 202.0]
[33.0, 404.0, 101.0, 190.0]
[32.0, 392.0, 98.0, 242.0]
[41.0, 512.0, 128.0, 210.0]
[40.0, 554.0, 138.5, 180.0]
[44.0, 530.0, 132.5, 196.0]
[30.0, 430.0, 107.5, 178.0]
[55.0, 538.0, 134.5, 198.0]
[34.0, 476.0, 119.0, 196.0]
[49.0, 508.0, 127.0, 276.0]
[31.0, 426.0, 106.5, 230.0]
[36.0, 588.0, 147.0, 222.0]
[49.0, 550.0, 137.5, 272.0]
[45.0, 538.0, 134.5, 218.0]
[39.0, 466.0, 116.5, 256.0]
[37.0, 494.0, 123.5, 192.0]
[36.0, 450.0, 112.5, 220.0]
[45.0, 464.0, 116.0, 206.0]
[46.0, 634.0, 158.5, 170.0]
[58.0, 406.0, 101.5, 334.0]
[38.0, 530.0, 132.5, 184.0]
[40.0, 508.0, 127.0, 210.0]
[41.0, 546.0, 136.5, 220.0]
[37.0, 498.0, 124.5, 232.0]
[49.0, 492.0, 123.0, 296.0]
[34.0, 468.0, 117.0, 212.0]
[45.0, 542.0, 135.5, 202.0]
[40.0, 448.0, 112.0, 238.0]
[26.0, 508.0, 127.0, 146.0]
[54.0, 508.0, 127.0, 286.0]
[28.0, 436.0, 109.0, 244.0]
[40.0, 422.0, 105.5, 268.0]
[52.0, 526.0, 131.5, 232.0]
[41.0, 552.0, 138.0, 180.0]
[27.0, 426.0, 106.5, 172.0]
[41.0, 598.0, 149.5, 180.0]
[44.0, 472.0, 118.0, 206.0]
[26.0, 448.0, 112.0, 190.0]
[47.0, 574.0, 143.5, 252.0]
[43.0, 420.0, 105.0, 214.0]
[45.0, 562.0, 140.5, 178.0]
[37.0, 470.0, 117.5, 232.0]
[41.0, 486.0, 121.5, 250.0]
[36.0, 518.0, 129.5, 250.0]
[51.0, 514.0, 128.5, 320.0]
[38.0, 420.0, 105.0, 284.0]
[36.0, 482.0, 120.5, 200.0]
[35.0, 498.0, 124.5, 232.0]
[42.0, 560.0, 140.0, 202.0]
[57.0, 622.0, 155.5, 252.0]
[36.0, 442.0, 110.5, 240.0]
[37.0, 474.0, 118.5, 198.0]
[47.0, 546.0, 136.5, 282.0]
[56.0, 524.0, 131.0, 240.0]
[36.0, 514.0, 128.5, 170.0]
[56.0, 506.0, 126.5, 240.0]
[43.0, 502.0, 125.5, 224.0]
[41.0, 508.0, 127.0, 230.0]
[47.0, 352.0, 88.0, 322.0]
[52.0, 654.0, 163.5, 204.0]
[46.0, 578.0, 144.5, 240.0]
[37.0, 506.0, 126.5, 166.0]
[48.0, 590.0, 147.5, 234.0]
[45.0, 522.0, 130.5, 248.0]
[50.0, 508.0, 127.0, 258.0]
[47.0, 540.0, 135.0, 242.0]
[46.0, 662.0, 165.5, 220.0]
[37.0, 524.0, 131.0, 172.0]
[51.0, 602.0, 150.5, 222.0]
[37.0, 502.0, 125.5, 212.0]
[48.0, 548.0, 137.0, 224.0]
[35.0, 522.0, 130.5, 238.0]
[48.0, 494.0, 123.5, 214.0]
[39.0, 410.0, 102.5, 276.0]
[47.0, 598.0, 149.5, 244.0]
[51.0, 494.0, 123.5, 280.0]
[43.0, 480.0, 120.0, 254.0]
[39.0, 554.0, 138.5, 186.0]
[32.0, 468.0, 117.0, 152.0]
[40.0, 414.0, 103.5, 278.0]
[35.0, 490.0, 122.5, 188.0]
[49.0, 548.0, 137.0, 238.0]
[42.0, 532.0, 133.0, 232.0]
[46.0, 538.0, 134.5, 170.0]
[45.0, 520.0, 130.0, 198.0]
[37.0, 424.0, 106.0, 252.0]
[56.0, 506.0, 126.5, 260.0]
[50.0, 536.0, 134.0, 258.0]
[61.0, 524.0, 131.0, 230.0]
[52.0, 506.0, 126.5, 202.0]
[33.0, 490.0, 122.5, 160.0]
[50.0, 572.0, 143.0, 158.0]
[39.0, 442.0, 110.5, 306.0]
[36.0, 548.0, 137.0, 162.0]
[33.0, 512.0, 128.0, 182.0]
[35.0, 540.0, 135.0, 184.0]
[53.0, 484.0, 121.0, 294.0]
[40.0, 520.0, 130.0, 208.0]
[31.0, 466.0, 116.5, 230.0]
[39.0, 456.0, 114.0, 236.0]
[40.0, 478.0, 119.5, 208.0]
[44.0, 532.0, 133.0, 276.0]
[57.0, 536.0, 134.0, 272.0]
[42.0, 514.0, 128.5, 212.0]
[55.0, 606.0, 151.5, 270.0]
[32.0, 462.0, 115.5, 196.0]
[52.0, 612.0, 153.0, 192.0]
[27.0, 432.0, 108.0, 202.0]
[49.0, 528.0, 132.0, 238.0]
[41.0, 520.0, 130.0, 210.0]
[33.0, 538.0, 134.5, 230.0]
[39.0, 462.0, 115.5, 306.0]
[52.0, 512.0, 128.0, 262.0]
[38.0, 486.0, 121.5, 224.0]
[30.0, 444.0, 111.0, 148.0]
[34.0, 498.0, 124.5, 206.0]
[51.0, 460.0, 115.0, 320.0]
[38.0, 492.0, 123.0, 274.0]
[26.0, 504.0, 126.0, 180.0]
[55.0, 470.0, 117.5, 278.0]
[35.0, 474.0, 118.5, 198.0]
[38.0, 414.0, 103.5, 190.0]
[33.0, 506.0, 126.5, 134.0]
[27.0, 416.0, 104.0, 192.0]
[54.0, 550.0, 137.5, 206.0]
[38.0, 394.0, 98.5, 284.0]
[39.0, 508.0, 127.0, 234.0]
[50.0, 482.0, 120.5, 268.0]
[54.0, 496.0, 124.0, 266.0]
[38.0, 606.0, 151.5, 174.0]
[40.0, 480.0, 120.0, 248.0]
[72.0, 560.0, 140.0, 236.0]
[34.0, 464.0, 116.0, 226.0]
[41.0, 476.0, 119.0, 190.0]
[45.0, 594.0, 148.5, 198.0]
[34.0, 444.0, 111.0, 196.0]
[39.0, 586.0, 146.5, 184.0]
[45.0, 518.0, 129.5, 218.0]
[38.0, 374.0, 93.5, 244.0]
[29.0, 452.0, 113.0, 202.0]
[41.0, 578.0, 144.5, 180.0]
[38.0, 520.0, 130.0, 182.0]
[36.0, 466.0, 116.5, 164.0]
[35.0, 440.0, 110.0, 278.0]
[47.0, 544.0, 136.0, 252.0]
[37.0, 480.0, 120.0, 168.0]
[43.0, 468.0, 117.0, 206.0]
[42.0, 430.0, 107.5, 292.0]
[34.0, 424.0, 106.0, 216.0]
[32.0, 392.0, 98.0, 252.0]
[35.0, 506.0, 126.5, 198.0]
[48.0, 538.0, 134.5, 254.0]
[39.0, 532.0, 133.0, 186.0]
[44.0, 510.0, 127.5, 216.0]
[45.0, 536.0, 134.0, 218.0]
[49.0, 544.0, 136.0, 208.0]
[34.0, 400.0, 100.0, 226.0]
[38.0, 426.0, 106.5, 234.0]
[35.0, 446.0, 111.5, 208.0]
[47.0, 562.0, 140.5, 210.0]
[31.0, 476.0, 119.0, 196.0]
[54.0, 532.0, 133.0, 246.0]
[35.0, 506.0, 126.5, 198.0]
[29.0, 474.0, 118.5, 256.0]
[43.0, 510.0, 127.5, 244.0]
[54.0, 548.0, 137.0, 296.0]
[42.0, 478.0, 119.5, 214.0]
[47.0, 504.0, 126.0, 212.0]
[29.0, 332.0, 83.0, 236.0]
[29.0, 438.0, 109.5, 196.0]
[45.0, 556.0, 139.0, 296.0]
[32.0, 534.0, 133.5, 238.0]
[38.0, 472.0, 118.0, 254.0]
[38.0, 456.0, 114.0, 234.0]
[41.0, 408.0, 102.0, 268.0]
[35.0, 480.0, 120.0, 208.0]
[44.0, 598.0, 149.5, 182.0]
[38.0, 498.0, 124.5, 244.0]
[40.0, 586.0, 146.5, 198.0]
[39.0, 546.0, 136.5, 226.0]
[33.0, 440.0, 110.0, 204.0]
[35.0, 538.0, 134.5, 150.0]
[40.0, 432.0, 108.0, 318.0]
[40.0, 562.0, 140.5, 224.0]
[47.0, 560.0, 140.0, 218.0]
[49.0, 524.0, 131.0, 276.0]
[30.0, 400.0, 100.0, 198.0]
[49.0, 560.0, 140.0, 206.0]
[52.0, 558.0, 139.5, 162.0]
[28.0, 390.0, 97.5, 204.0]
[42.0, 516.0, 129.0, 232.0]
[52.0, 624.0, 156.0, 216.0]
[46.0, 452.0, 113.0, 232.0]
[42.0, 460.0, 115.0, 282.0]
[37.0, 416.0, 104.0, 182.0]
[39.0, 502.0, 125.5, 276.0]
[34.0, 562.0, 140.5, 166.0]
[34.0, 578.0, 144.5, 206.0]
[51.0, 550.0, 137.5, 230.0]
[48.0, 456.0, 114.0, 262.0]
[47.0, 552.0, 138.0, 262.0]
[41.0, 492.0, 123.0, 190.0]
[50.0, 546.0, 136.5, 278.0]
[53.0, 532.0, 133.0, 264.0]
[37.0, 480.0, 120.0, 182.0]
[44.0, 502.0, 125.5, 246.0]
[34.0, 472.0, 118.0, 172.0]
[51.0, 506.0, 126.5, 210.0]
[60.0, 476.0, 119.0, 268.0]
[30.0, 466.0, 116.5, 178.0]
[30.0, 454.0, 113.5, 178.0]
[36.0, 568.0, 142.0, 220.0]
[26.0, 482.0, 120.5, 194.0]
[46.0, 512.0, 128.0, 190.0]
[30.0, 394.0, 98.5, 188.0]
Averages:
[41.9069, 500.9484, 125.2371, 223.3452]