[36.0, 574.0, 143.5, 164.0]
[38.0, 490.0, 122.5, 184.0]
[37.0, 510.0, 127.5, 182.0]
[37.0, 594.0, 148.5, 172.0]
[33.0, 562.0, 140.5, 194.0]
[32.0, 468.0, 117.0, 184.0]
[31.0, 528.0, 132.0, 158.0]
[34.0, 520.0, 130.0, 176.0]
[33.0, 530.0, 132.5, 194.0]
[41.0, 596.0, 149.0, 192.0]
[35.0, 494.0, 123.5, 164.0]
[38.0, 504.0, 126.0, 214.0]
[36.0, 534.0, 133.5, 200.0]
[34.0, 524.0, 131.0, 196.0]
[41.0, 562.0, 140.5, 172.0]
[33.0, 512.0, 128.0, 164.0]
[39.0, 552.0, 138.0, 156.0]
[33.0, 498.0, 124.5, 154.0]
[40.0, 558.0, 139.5, 168.0]
[50.0, 560.0, 140.0, 178.0]
[33.0, 510.0, 127.5, 160.0]
[40.0, 620.0, 155.0, 168.0]
[38.0, 504.0, 126.0, 162.0]
[37.0, 548.0, 137.0, 172.0]
[35.0, 482.0, 120.5, 168.0]
[43.0, 566.0, 141.5, 180.0]
[31.0, 582.0, 145.5, 180.0]
[40.0, 560.0, 140.0, 184.0]
[53.0, 534.0, 133.5, 204.0]
[40.0, 558.0, 139.5, 158.0]
[36.0, 524.0, 131.0, 220.0]
[35.0, 516.0, 129.0, 176.0]
[50.0, 570.0, 142.5, 228.0]
[38.0, 530.0, 132.5, 204.0]
[36.0, 560.0, 140.0, 174.0]
[29.0, 524.0, 131.0, 146.0]
[38.0, 574.0, 143.5, 184.0]
[37.0, 556.0, 139.0, 172.0]
[35.0, 520.0, 130.0, 172.0]
[50.0, 598.0, 149.5, 170.0]
[34.0, 524.0, 131.0, 216.0]
[40.0, 506.0, 126.5, 158.0]
[34.0, 512.0, 128.0, 178.0]
[39.0, 606.0, 151.5, 196.0]
[45.0, 614.0, 153.5, 196.0]
[33.0, 502.0, 125.5, 164.0]
[50.0, 590.0, 147.5, 168.0]
[40.0, 538.0, 134.5, 188.0]
[29.0, 502.0, 125.5, 166.0]
[43.0, 586.0, 146.5, 180.0]
[40.0, 508.0, 127.0, 218.0]
[32.0, 532.0, 133.0, 192.0]
[35.0, 564.0, 141.0, 172.0]
[34.0, 562.0, 140.5, 156.0]
[36.0, 506.0, 126.5, 170.0]
[40.0, 576.0, 144.0, 174.0]
[40.0, 636.0, 159.0, 196.0]
[43.0, 578.0, 144.5, 164.0]
[31.0, 474.0, 118.5, 148.0]
[34.0, 508.0, 127.0, 138.0]
[46.0, 586.0, 146.5, 180.0]
[38.0, 532.0, 133.0, 146.0]
[42.0, 522.0, 130.5, 162.0]
[38.0, 620.0, 155.0, 170.0]
[37.0, 568.0, 142.0, 162.0]
[39.0, 574.0, 143.5, 186.0]
[43.0, 556.0, 139.0, 166.0]
[36.0, 516.0, 129.0, 186.0]
[44.0, 576.0, 144.0, 196.0]
[56.0, 604.0, 151.0, 230.0]
[57.0, 590.0, 147.5, 192.0]
[41.0, 514.0, 128.5, 162.0]
[49.0, 578.0, 144.5, 206.0]
[39.0, 550.0, 137.5, 156.0]
[37.0, 564.0, 141.0, 172.0]
[41.0, 576.0, 144.0, 230.0]
[38.0, 534.0, 133.5, 174.0]
[50.0, 608.0, 152.0, 178.0]
[37.0, 526.0, 131.5, 192.0]
[40.0, 536.0, 134.0, 168.0]
[54.0, 594.0, 148.5, 186.0]
[38.0, 556.0, 139.0, 164.0]
[48.0, 534.0, 133.5, 214.0]
[33.0, 486.0, 121.5, 164.0]
[40.0, 508.0, 127.0, 148.0]
[29.0, 486.0, 121.5, 182.0]
[49.0, 604.0, 151.0, 178.0]
[40.0, 546.0, 136.5, 178.0]
[39.0, 558.0, 139.5, 186.0]
[38.0, 580.0, 145.0, 184.0]
[33.0, 442.0, 110.5, 164.0]
[46.0, 584.0, 146.0, 200.0]
[40.0, 528.0, 132.0, 166.0]
[41.0, 556.0, 139.0, 210.0]
[36.0, 530.0, 132.5, 180.0]
[34.0, 522.0, 130.5, 150.0]
[35.0, 484.0, 121.0, 168.0]
[45.0, 580.0, 145.0, 192.0]
[32.0, 536.0, 134.0, 172.0]
[36.0, 566.0, 141.5, 184.0]
[33.0, 530.0, 132.5, 194.0]
[35.0, 580.0, 145.0, 168.0]
[36.0, 586.0, 146.5, 160.0]
[37.0, 526.0, 131.5, 162.0]
[39.0, 532.0, 133.0, 166.0]
[41.0, 560.0, 140.0, 190.0]
[37.0, 474.0, 118.5, 140.0]
[35.0, 506.0, 126.5, 138.0]
[38.0, 562.0, 140.5, 204.0]
[37.0, 518.0, 129.5, 188.0]
[36.0, 506.0, 126.5, 160.0]
[42.0, 582.0, 145.5, 182.0]
[47.0, 594.0, 148.5, 164.0]
[38.0, 582.0, 145.5, 178.0]
[53.0, 528.0, 132.0, 214.0]
[34.0, 562.0, 140.5, 166.0]
[35.0, 494.0, 123.5, 136.0]
[32.0, 522.0, 130.5, 180.0]
[39.0, 454.0, 113.5, 180.0]
[29.0, 564.0, 141.0, 160.0]
[48.0, 582.0, 145.5, 194.0]
[31.0, 536.0, 134.0, 170.0]
[34.0, 606.0, 151.5, 170.0]
[52.0, 494.0, 123.5, 212.0]
[37.0, 574.0, 143.5, 192.0]
[39.0, 574.0, 143.5, 196.0]
[31.0, 492.0, 123.0, 150.0]
[38.0, 568.0, 142.0, 204.0]
[41.0, 548.0, 137.0, 170.0]
[38.0, 564.0, 141.0, 194.0]
[34.0, 518.0, 129.5, 148.0]
[36.0, 566.0, 141.5, 170.0]
[37.0, 512.0, 128.0, 162.0]
[48.0, 572.0, 143.0, 184.0]
[35.0, 568.0, 142.0, 158.0]
[24.0, 490.0, 122.5, 136.0]
[42.0, 580.0, 145.0, 192.0]
[35.0, 480.0, 120.0, 184.0]
[37.0, 540.0, 135.0, 170.0]
[34.0, 492.0, 123.0, 146.0]
[33.0, 556.0, 139.0, 180.0]
[34.0, 488.0, 122.0, 180.0]
[37.0, 518.0, 129.5, 172.0]
[49.0, 592.0, 148.0, 186.0]
[37.0, 532.0, 133.0, 178.0]
[29.0, 400.0, 100.0, 176.0]
[46.0, 588.0, 147.0, 172.0]
[30.0, 466.0, 116.5, 142.0]
[42.0, 496.0, 124.0, 172.0]
[38.0, 524.0, 131.0, 160.0]
[46.0, 618.0, 154.5, 180.0]
[45.0, 598.0, 149.5, 208.0]
[34.0, 540.0, 135.0, 166.0]
[37.0, 564.0, 141.0, 206.0]
[42.0, 562.0, 140.5, 192.0]
[36.0, 606.0, 151.5, 166.0]
[39.0, 506.0, 126.5, 196.0]
[42.0, 524.0, 131.0, 172.0]
[32.0, 492.0, 123.0, 182.0]
[37.0, 550.0, 137.5, 152.0]
[39.0, 534.0, 133.5, 196.0]
[41.0, 588.0, 147.0, 182.0]
[33.0, 540.0, 135.0, 154.0]
[48.0, 558.0, 139.5, 184.0]
[35.0, 580.0, 145.0, 158.0]
[33.0, 512.0, 128.0, 194.0]
[31.0, 462.0, 115.5, 142.0]
[40.0, 546.0, 136.5, 198.0]
[32.0, 536.0, 134.0, 162.0]
[36.0, 492.0, 123.0, 184.0]
[36.0, 498.0, 124.5, 168.0]
[37.0, 532.0, 133.0, 166.0]
[40.0, 570.0, 142.5, 172.0]
[40.0, 428.0, 107.0, 208.0]
[41.0, 624.0, 156.0, 200.0]
[36.0, 492.0, 123.0, 190.0]
[36.0, 532.0, 133.0, 148.0]
[64.0, 642.0, 160.5, 206.0]
[46.0, 556.0, 139.0, 160.0]
[35.0, 604.0, 151.0, 162.0]
[46.0, 468.0, 117.0, 180.0]
[34.0, 488.0, 122.0, 196.0]
[36.0, 512.0, 128.0, 160.0]
[30.0, 432.0, 108.0, 158.0]
[25.0, 460.0, 115.0, 150.0]
[33.0, 458.0, 114.5, 174.0]
[47.0, 558.0, 139.5, 202.0]
[58.0, 520.0, 130.0, 194.0]
[41.0, 564.0, 141.0, 170.0]
[50.0, 576.0, 144.0, 192.0]
[39.0, 540.0, 135.0, 216.0]
[32.0, 488.0, 122.0, 162.0]
[34.0, 510.0, 127.5, 170.0]
[47.0, 538.0, 134.5, 212.0]
[41.0, 530.0, 132.5, 170.0]
[49.0, 554.0, 138.5, 186.0]
[42.0, 508.0, 127.0, 172.0]
[33.0, 596.0, 149.0, 164.0]
[49.0, 626.0, 156.5, 226.0]
[38.0, 536.0, 134.0, 164.0]
[37.0, 554.0, 138.5, 168.0]
[38.0, 492.0, 123.0, 144.0]
[36.0, 510.0, 127.5, 140.0]
[58.0, 536.0, 134.0, 204.0]
[36.0, 484.0, 121.0, 150.0]
[32.0, 532.0, 133.0, 154.0]
[36.0, 432.0, 108.0, 152.0]
[39.0, 560.0, 140.0, 166.0]
[36.0, 538.0, 134.5, 152.0]
[49.0, 602.0, 150.5, 182.0]
[38.0, 540.0, 135.0, 180.0]
[30.0, 526.0, 131.5, 160.0]
[31.0, 438.0, 109.5, 160.0]
[36.0, 550.0, 137.5, 166.0]
[30.0, 536.0, 134.0, 178.0]
[44.0, 500.0, 125.0, 166.0]
[40.0, 608.0, 152.0, 178.0]
[56.0, 570.0, 142.5, 210.0]
[29.0, 494.0, 123.5, 216.0]
[41.0, 560.0, 140.0, 170.0]
[41.0, 580.0, 145.0, 190.0]
[37.0, 596.0, 149.0, 190.0]
[37.0, 538.0, 134.5, 168.0]
[27.0, 438.0, 109.5, 180.0]
[41.0, 534.0, 133.5, 180.0]
[27.0, 452.0, 113.0, 186.0]
[33.0, 506.0, 126.5, 146.0]
[39.0, 528.0, 132.0, 182.0]
[37.0, 530.0, 132.5, 188.0]
[50.0, 578.0, 144.5, 188.0]
[42.0, 550.0, 137.5, 182.0]
[47.0, 592.0, 148.0, 192.0]
[40.0, 534.0, 133.5, 198.0]
[47.0, 594.0, 148.5, 222.0]
[40.0, 542.0, 135.5, 188.0]
[58.0, 606.0, 151.5, 214.0]
[33.0, 556.0, 139.0, 164.0]
[32.0, 548.0, 137.0, 172.0]
[41.0, 528.0, 132.0, 174.0]
[37.0, 450.0, 112.5, 202.0]
[37.0, 516.0, 129.0, 162.0]
[31.0, 538.0, 134.5, 160.0]
[33.0, 498.0, 124.5, 164.0]
[34.0, 506.0, 126.5, 214.0]
[37.0, 524.0, 131.0, 182.0]
[33.0, 494.0, 123.5, 164.0]
[28.0, 406.0, 101.5, 136.0]
[30.0, 482.0, 120.5, 158.0]
[49.0, 624.0, 156.0, 190.0]
[33.0, 478.0, 119.5, 134.0]
[32.0, 504.0, 126.0, 162.0]
[29.0, 424.0, 106.0, 166.0]
[36.0, 514.0, 128.5, 148.0]
[33.0, 440.0, 110.0, 154.0]
[47.0, 604.0, 151.0, 202.0]
[49.0, 590.0, 147.5, 206.0]
[50.0, 570.0, 142.5, 198.0]
[47.0, 584.0, 146.0, 192.0]
[39.0, 534.0, 133.5, 176.0]
[33.0, 526.0, 131.5, 142.0]
[33.0, 510.0, 127.5, 174.0]
[27.0, 518.0, 129.5, 182.0]
[39.0, 540.0, 135.0, 174.0]
[37.0, 578.0, 144.5, 182.0]
[33.0, 536.0, 134.0, 148.0]
[35.0, 560.0, 140.0, 186.0]
[36.0, 544.0, 136.0, 160.0]
[29.0, 460.0, 115.0, 166.0]
[41.0, 606.0, 151.5, 236.0]
[29.0, 470.0, 117.5, 130.0]
[39.0, 508.0, 127.0, 176.0]
[50.0, 608.0, 152.0, 188.0]
[45.0, 528.0, 132.0, 188.0]
[45.0, 544.0, 136.0, 148.0]
[49.0, 544.0, 136.0, 196.0]
[37.0, 546.0, 136.5, 222.0]
[42.0, 530.0, 132.5, 182.0]
[49.0, 634.0, 158.5, 162.0]
[39.0, 490.0, 122.5, 156.0]
[38.0, 512.0, 128.0, 214.0]
[46.0, 474.0, 118.5, 200.0]
[42.0, 534.0, 133.5, 178.0]
[32.0, 530.0, 132.5, 162.0]
[36.0, 564.0, 141.0, 160.0]
[36.0, 548.0, 137.0, 158.0]
[37.0, 534.0, 133.5, 172.0]
[32.0, 450.0, 112.5, 146.0]
[46.0, 494.0, 123.5, 190.0]
[40.0, 536.0, 134.0, 208.0]
[34.0, 480.0, 120.0, 176.0]
[40.0, 582.0, 145.5, 162.0]
[34.0, 518.0, 129.5, 156.0]
[30.0, 492.0, 123.0, 158.0]
[32.0, 532.0, 133.0, 212.0]
[33.0, 532.0, 133.0, 204.0]
[37.0, 508.0, 127.0, 180.0]
[44.0, 588.0, 147.0, 186.0]
[36.0, 528.0, 132.0, 162.0]
[40.0, 538.0, 134.5, 168.0]
[31.0, 512.0, 128.0, 154.0]
[27.0, 480.0, 120.0, 148.0]
[37.0, 588.0, 147.0, 168.0]
[28.0, 444.0, 111.0, 148.0]
[34.0, 526.0, 131.5, 152.0]
[37.0, 526.0, 131.5, 182.0]
[35.0, 502.0, 125.5, 148.0]
[31.0, 488.0, 122.0, 140.0]
[34.0, 540.0, 135.0, 184.0]
[39.0, 578.0, 144.5, 196.0]
[46.0, 544.0, 136.0, 210.0]
[40.0, 460.0, 115.0, 198.0]
[36.0, 508.0, 127.0, 180.0]
[40.0, 520.0, 130.0, 168.0]
[50.0, 512.0, 128.0, 188.0]
[33.0, 482.0, 120.5, 150.0]
[38.0, 548.0, 137.0, 184.0]
[36.0, 494.0, 123.5, 180.0]
[33.0, 546.0, 136.5, 156.0]
[34.0, 478.0, 119.5, 176.0]
[43.0, 604.0, 151.0, 194.0]
[37.0, 486.0, 121.5, 170.0]
[52.0, 480.0, 120.0, 222.0]
[42.0, 564.0, 141.0, 202.0]
[57.0, 558.0, 139.5, 192.0]
[25.0, 494.0, 123.5, 148.0]
[29.0, 470.0, 117.5, 150.0]
[30.0, 408.0, 102.0, 214.0]
[41.0, 520.0, 130.0, 152.0]
[35.0, 546.0, 136.5, 168.0]
[37.0, 516.0, 129.0, 182.0]
[34.0, 484.0, 121.0, 196.0]
[37.0, 506.0, 126.5, 192.0]
[59.0, 636.0, 159.0, 216.0]
[34.0, 534.0, 133.5, 164.0]
[36.0, 562.0, 140.5, 170.0]
[35.0, 536.0, 134.0, 178.0]
[37.0, 556.0, 139.0, 202.0]
[32.0, 568.0, 142.0, 178.0]
[36.0, 548.0, 137.0, 200.0]
[51.0, 564.0, 141.0, 202.0]
[47.0, 608.0, 152.0, 182.0]
[51.0, 532.0, 133.0, 200.0]
[30.0, 504.0, 126.0, 144.0]
[38.0, 520.0, 130.0, 174.0]
[39.0, 558.0, 139.5, 172.0]
[51.0, 620.0, 155.0, 172.0]
[50.0, 568.0, 142.0, 198.0]
[34.0, 538.0, 134.5, 156.0]
[37.0, 508.0, 127.0, 162.0]
[52.0, 640.0, 160.0, 224.0]
[51.0, 540.0, 135.0, 220.0]
[48.0, 540.0, 135.0, 234.0]
[33.0, 516.0, 129.0, 204.0]
[44.0, 604.0, 151.0, 186.0]
[41.0, 544.0, 136.0, 180.0]
[37.0, 548.0, 137.0, 172.0]
[31.0, 558.0, 139.5, 160.0]
[42.0, 526.0, 131.5, 172.0]
[35.0, 548.0, 137.0, 184.0]
[36.0, 562.0, 140.5, 168.0]
[34.0, 534.0, 133.5, 192.0]
[43.0, 502.0, 125.5, 164.0]
[41.0, 580.0, 145.0, 176.0]
[41.0, 574.0, 143.5, 200.0]
[34.0, 528.0, 132.0, 166.0]
[29.0, 454.0, 113.5, 132.0]
[31.0, 534.0, 133.5, 180.0]
[36.0, 554.0, 138.5, 170.0]
[38.0, 546.0, 136.5, 182.0]
[54.0, 526.0, 131.5, 216.0]
[47.0, 598.0, 149.5, 172.0]
[36.0, 578.0, 144.5, 150.0]
[33.0, 490.0, 122.5, 142.0]
[36.0, 542.0, 135.5, 160.0]
[30.0, 504.0, 126.0, 178.0]
[32.0, 520.0, 130.0, 142.0]
[39.0, 524.0, 131.0, 170.0]
[32.0, 550.0, 137.5, 170.0]
[33.0, 478.0, 119.5, 162.0]
[40.0, 506.0, 126.5, 178.0]
[35.0, 518.0, 129.5, 184.0]
[33.0, 526.0, 131.5, 174.0]
[40.0, 634.0, 158.5, 178.0]
[49.0, 598.0, 149.5, 176.0]
[36.0, 530.0, 132.5, 210.0]
[38.0, 592.0, 148.0, 166.0]
[42.0, 560.0, 140.0, 162.0]
[36.0, 514.0, 128.5, 170.0]
[34.0, 514.0, 128.5, 162.0]
[37.0, 502.0, 125.5, 162.0]
[51.0, 574.0, 143.5, 186.0]
[34.0, 530.0, 132.5, 156.0]
[38.0, 546.0, 136.5, 164.0]
[32.0, 468.0, 117.0, 152.0]
[40.0, 568.0, 142.0, 178.0]
[38.0, 552.0, 138.0, 166.0]
[33.0, 458.0, 114.5, 164.0]
[49.0, 572.0, 143.0, 174.0]
[42.0, 586.0, 146.5, 202.0]
[46.0, 510.0, 127.5, 218.0]
[27.0, 482.0, 120.5, 162.0]
[45.0, 592.0, 148.0, 188.0]
[36.0, 586.0, 146.5, 180.0]
[53.0, 542.0, 135.5, 184.0]
[39.0, 506.0, 126.5, 178.0]
[53.0, 626.0, 156.5, 214.0]
[38.0, 540.0, 135.0, 174.0]
[39.0, 478.0, 119.5, 186.0]
[32.0, 556.0, 139.0, 164.0]
[40.0, 512.0, 128.0, 178.0]
[30.0, 482.0, 120.5, 178.0]
[46.0, 596.0, 149.0, 190.0]
[41.0, 586.0, 146.5, 200.0]
[38.0, 488.0, 122.0, 164.0]
[37.0, 512.0, 128.0, 148.0]
[38.0, 588.0, 147.0, 174.0]
[34.0, 558.0, 139.5, 166.0]
[45.0, 570.0, 142.5, 208.0]
[48.0, 584.0, 146.0, 174.0]
[37.0, 514.0, 128.5, 182.0]
[32.0, 530.0, 132.5, 162.0]
[38.0, 514.0, 128.5, 144.0]
[42.0, 566.0, 141.5, 178.0]
[45.0, 576.0, 144.0, 218.0]
[47.0, 592.0, 148.0, 182.0]
[38.0, 584.0, 146.0, 162.0]
[44.0, 602.0, 150.5, 172.0]
[33.0, 510.0, 127.5, 140.0]
[37.0, 538.0, 134.5, 182.0]
[46.0, 612.0, 153.0, 190.0]
[39.0, 506.0, 126.5, 156.0]
[33.0, 502.0, 125.5, 154.0]
[37.0, 520.0, 130.0, 172.0]
[56.0, 644.0, 161.0, 180.0]
[54.0, 554.0, 138.5, 226.0]
[39.0, 584.0, 146.0, 204.0]
[39.0, 578.0, 144.5, 166.0]
[33.0, 578.0, 144.5, 176.0]
[37.0, 560.0, 140.0, 168.0]
[39.0, 542.0, 135.5, 176.0]
[45.0, 520.0, 130.0, 156.0]
[33.0, 496.0, 124.0, 134.0]
[37.0, 500.0, 125.0, 188.0]
[41.0, 578.0, 144.5, 170.0]
[33.0, 540.0, 135.0, 164.0]
[33.0, 494.0, 123.5, 174.0]
[41.0, 602.0, 150.5, 204.0]
[53.0, 656.0, 164.0, 214.0]
[52.0, 572.0, 143.0, 232.0]
[36.0, 500.0, 125.0, 160.0]
[38.0, 520.0, 130.0, 174.0]
[31.0, 490.0, 122.5, 192.0]
[33.0, 490.0, 122.5, 160.0]
[35.0, 526.0, 131.5, 158.0]
[36.0, 468.0, 117.0, 150.0]
[38.0, 494.0, 123.5, 190.0]
[44.0, 538.0, 134.5, 176.0]
[54.0, 572.0, 143.0, 196.0]
[40.0, 554.0, 138.5, 168.0]
[35.0, 486.0, 121.5, 158.0]
[45.0, 578.0, 144.5, 178.0]
[41.0, 524.0, 131.0, 180.0]
[38.0, 514.0, 128.5, 174.0]
[49.0, 552.0, 138.0, 206.0]
[36.0, 536.0, 134.0, 154.0]
[30.0, 540.0, 135.0, 172.0]
[35.0, 464.0, 116.0, 150.0]
[27.0, 488.0, 122.0, 170.0]
[45.0, 498.0, 124.5, 218.0]
[46.0, 588.0, 147.0, 210.0]
[39.0, 528.0, 132.0, 176.0]
[45.0, 574.0, 143.5, 228.0]
[43.0, 556.0, 139.0, 158.0]
[27.0, 484.0, 121.0, 162.0]
[58.0, 546.0, 136.5, 234.0]
[39.0, 546.0, 136.5, 166.0]
[36.0, 550.0, 137.5, 188.0]
[50.0, 636.0, 159.0, 196.0]
[46.0, 550.0, 137.5, 170.0]
[41.0, 558.0, 139.5, 152.0]
[33.0, 492.0, 123.0, 160.0]
[35.0, 576.0, 144.0, 164.0]
[27.0, 476.0, 119.0, 142.0]
[37.0, 482.0, 120.5, 142.0]
[34.0, 556.0, 139.0, 176.0]
[35.0, 540.0, 135.0, 156.0]
[29.0, 446.0, 111.5, 166.0]
[52.0, 582.0, 145.5, 212.0]
[33.0, 574.0, 143.5, 184.0]
[39.0, 564.0, 141.0, 176.0]
[38.0, 614.0, 153.5, 174.0]
[38.0, 584.0, 146.0, 150.0]
[38.0, 562.0, 140.5, 224.0]
[32.0, 502.0, 125.5, 162.0]
[39.0, 560.0, 140.0, 164.0]
[49.0, 550.0, 137.5, 196.0]
[32.0, 480.0, 120.0, 172.0]
[31.0, 506.0, 126.5, 146.0]
[37.0, 560.0, 140.0, 202.0]
[33.0, 482.0, 120.5, 184.0]
[37.0, 540.0, 135.0, 204.0]
[37.0, 516.0, 129.0, 190.0]
[35.0, 542.0, 135.5, 168.0]
[34.0, 490.0, 122.5, 186.0]
[37.0, 446.0, 111.5, 172.0]
[31.0, 506.0, 126.5, 160.0]
[49.0, 584.0, 146.0, 206.0]
[41.0, 594.0, 148.5, 180.0]
[32.0, 492.0, 123.0, 162.0]
[45.0, 584.0, 146.0, 190.0]
[48.0, 554.0, 138.5, 194.0]
[33.0, 538.0, 134.5, 186.0]
[33.0, 558.0, 139.5, 156.0]
[41.0, 476.0, 119.0, 160.0]
[33.0, 546.0, 136.5, 170.0]
[44.0, 578.0, 144.5, 156.0]
[41.0, 540.0, 135.0, 210.0]
[31.0, 508.0, 127.0, 154.0]
[42.0, 630.0, 157.5, 200.0]
[39.0, 512.0, 128.0, 206.0]
[31.0, 522.0, 130.5, 200.0]
[36.0, 562.0, 140.5, 200.0]
[44.0, 540.0, 135.0, 176.0]
[44.0, 576.0, 144.0, 196.0]
[27.0, 490.0, 122.5, 182.0]
[43.0, 520.0, 130.0, 214.0]
[34.0, 474.0, 118.5, 166.0]
[30.0, 504.0, 126.0, 138.0]
[43.0, 544.0, 136.0, 184.0]
[43.0, 532.0, 133.0, 184.0]
[36.0, 530.0, 132.5, 140.0]
[41.0, 582.0, 145.5, 180.0]
[49.0, 534.0, 133.5, 196.0]
[50.0, 666.0, 166.5, 208.0]
[35.0, 550.0, 137.5, 168.0]
[33.0, 528.0, 132.0, 174.0]
[38.0, 572.0, 143.0, 176.0]
[39.0, 586.0, 146.5, 166.0]
[52.0, 600.0, 150.0, 212.0]
[34.0, 550.0, 137.5, 176.0]
[38.0, 508.0, 127.0, 214.0]
[32.0, 498.0, 124.5, 152.0]
[39.0, 558.0, 139.5, 156.0]
[52.0, 626.0, 156.5, 212.0]
[34.0, 596.0, 149.0, 196.0]
[30.0, 508.0, 127.0, 178.0]
[32.0, 522.0, 130.5, 202.0]
[35.0, 524.0, 131.0, 174.0]
[42.0, 514.0, 128.5, 182.0]
[44.0, 570.0, 142.5, 180.0]
[37.0, 534.0, 133.5, 172.0]
[26.0, 438.0, 109.5, 170.0]
[42.0, 558.0, 139.5, 160.0]
[35.0, 508.0, 127.0, 148.0]
[37.0, 542.0, 135.5, 162.0]
[43.0, 584.0, 146.0, 192.0]
[35.0, 512.0, 128.0, 202.0]
[57.0, 616.0, 154.0, 196.0]
[36.0, 536.0, 134.0, 180.0]
[35.0, 578.0, 144.5, 164.0]
[36.0, 572.0, 143.0, 160.0]
[36.0, 526.0, 131.5, 180.0]
[35.0, 564.0, 141.0, 196.0]
[34.0, 488.0, 122.0, 172.0]
[36.0, 532.0, 133.0, 190.0]
[35.0, 514.0, 128.5, 144.0]
[37.0, 590.0, 147.5, 182.0]
[39.0, 566.0, 141.5, 176.0]
[39.0, 542.0, 135.5, 192.0]
[40.0, 536.0, 134.0, 178.0]
[58.0, 570.0, 142.5, 214.0]
[34.0, 554.0, 138.5, 166.0]
[38.0, 572.0, 143.0, 186.0]
[29.0, 470.0, 117.5, 172.0]
[49.0, 452.0, 113.0, 216.0]
[44.0, 492.0, 123.0, 176.0]
[41.0, 510.0, 127.5, 180.0]
[38.0, 560.0, 140.0, 190.0]
[39.0, 574.0, 143.5, 152.0]
[39.0, 542.0, 135.5, 164.0]
[38.0, 546.0, 136.5, 174.0]
[35.0, 544.0, 136.0, 190.0]
[36.0, 494.0, 123.5, 160.0]
[38.0, 584.0, 146.0, 168.0]
[40.0, 518.0, 129.5, 188.0]
[39.0, 506.0, 126.5, 184.0]
[38.0, 508.0, 127.0, 174.0]
[36.0, 528.0, 132.0, 180.0]
[49.0, 600.0, 150.0, 166.0]
[39.0, 538.0, 134.5, 186.0]
[32.0, 524.0, 131.0, 192.0]
[37.0, 542.0, 135.5, 172.0]
[38.0, 546.0, 136.5, 154.0]
[33.0, 526.0, 131.5, 152.0]
[38.0, 554.0, 138.5, 204.0]
[35.0, 518.0, 129.5, 174.0]
[33.0, 526.0, 131.5, 174.0]
[34.0, 500.0, 125.0, 176.0]
[37.0, 562.0, 140.5, 192.0]
[44.0, 506.0, 126.5, 186.0]
[44.0, 522.0, 130.5, 176.0]
[27.0, 466.0, 116.5, 132.0]
[37.0, 524.0, 131.0, 172.0]
[38.0, 482.0, 120.5, 184.0]
[37.0, 556.0, 139.0, 162.0]
[31.0, 530.0, 132.5, 180.0]
[38.0, 562.0, 140.5, 164.0]
[31.0, 536.0, 134.0, 146.0]
[42.0, 538.0, 134.5, 182.0]
[47.0, 536.0, 134.0, 212.0]
[39.0, 542.0, 135.5, 176.0]
[32.0, 514.0, 128.5, 162.0]
[37.0, 506.0, 126.5, 172.0]
[38.0, 564.0, 141.0, 162.0]
[37.0, 528.0, 132.0, 180.0]
[31.0, 460.0, 115.0, 210.0]
[38.0, 556.0, 139.0, 172.0]
[33.0, 528.0, 132.0, 184.0]
[40.0, 568.0, 142.0, 168.0]
[33.0, 528.0, 132.0, 194.0]
[29.0, 520.0, 130.0, 146.0]
[41.0, 494.0, 123.5, 180.0]
[56.0, 572.0, 143.0, 240.0]
[38.0, 482.0, 120.5, 162.0]
[32.0, 544.0, 136.0, 162.0]
[41.0, 560.0, 140.0, 204.0]
[38.0, 516.0, 129.0, 150.0]
[58.0, 522.0, 130.5, 204.0]
[57.0, 558.0, 139.5, 176.0]
[36.0, 620.0, 155.0, 180.0]
[33.0, 520.0, 130.0, 134.0]
[27.0, 472.0, 118.0, 132.0]
[33.0, 464.0, 116.0, 144.0]
[26.0, 446.0, 111.5, 136.0]
[40.0, 556.0, 139.0, 198.0]
[42.0, 520.0, 130.0, 202.0]
[37.0, 520.0, 130.0, 172.0]
[52.0, 636.0, 159.0, 202.0]
[34.0, 584.0, 146.0, 170.0]
[43.0, 556.0, 139.0, 164.0]
[51.0, 560.0, 140.0, 168.0]
[44.0, 512.0, 128.0, 196.0]
[32.0, 510.0, 127.5, 152.0]
[36.0, 458.0, 114.5, 164.0]
[35.0, 588.0, 147.0, 182.0]
[36.0, 474.0, 118.5, 160.0]
[40.0, 606.0, 151.5, 178.0]
[40.0, 488.0, 122.0, 168.0]
[47.0, 590.0, 147.5, 182.0]
[29.0, 514.0, 128.5, 188.0]
[30.0, 510.0, 127.5, 172.0]
[35.0, 466.0, 116.5, 172.0]
[37.0, 526.0, 131.5, 212.0]
[38.0, 484.0, 121.0, 144.0]
[49.0, 542.0, 135.5, 216.0]
[39.0, 546.0, 136.5, 158.0]
[54.0, 586.0, 146.5, 196.0]
[54.0, 556.0, 139.0, 196.0]
[41.0, 552.0, 138.0, 180.0]
[39.0, 558.0, 139.5, 176.0]
[35.0, 496.0, 124.0, 148.0]
[36.0, 518.0, 129.5, 192.0]
[37.0, 538.0, 134.5, 180.0]
[35.0, 472.0, 118.0, 148.0]
[45.0, 542.0, 135.5, 188.0]
[38.0, 472.0, 118.0, 174.0]
[38.0, 586.0, 146.5, 174.0]
[31.0, 484.0, 121.0, 136.0]
[39.0, 570.0, 142.5, 176.0]
[34.0, 508.0, 127.0, 140.0]
[39.0, 522.0, 130.5, 166.0]
[27.0, 488.0, 122.0, 140.0]
[35.0, 542.0, 135.5, 158.0]
[41.0, 558.0, 139.5, 174.0]
[30.0, 498.0, 124.5, 158.0]
[37.0, 546.0, 136.5, 172.0]
[36.0, 560.0, 140.0, 180.0]
[44.0, 656.0, 164.0, 216.0]
[38.0, 468.0, 117.0, 154.0]
[39.0, 508.0, 127.0, 186.0]
[40.0, 580.0, 145.0, 166.0]
[41.0, 538.0, 134.5, 138.0]
[22.0, 422.0, 105.5, 178.0]
[36.0, 560.0, 140.0, 154.0]
[37.0, 572.0, 143.0, 158.0]
[39.0, 522.0, 130.5, 166.0]
[40.0, 578.0, 144.5, 168.0]
[36.0, 512.0, 128.0, 166.0]
[51.0, 612.0, 153.0, 184.0]
[40.0, 520.0, 130.0, 168.0]
[38.0, 558.0, 139.5, 224.0]
[35.0, 540.0, 135.0, 154.0]
[37.0, 486.0, 121.5, 172.0]
[48.0, 594.0, 148.5, 214.0]
[53.0, 562.0, 140.5, 164.0]
[50.0, 652.0, 163.0, 206.0]
[37.0, 534.0, 133.5, 152.0]
[43.0, 544.0, 136.0, 238.0]
[33.0, 480.0, 120.0, 132.0]
[35.0, 552.0, 138.0, 148.0]
[32.0, 518.0, 129.5, 172.0]
[35.0, 426.0, 106.5, 168.0]
[49.0, 528.0, 132.0, 176.0]
[49.0, 458.0, 114.5, 256.0]
[41.0, 540.0, 135.0, 164.0]
[36.0, 486.0, 121.5, 144.0]
[38.0, 534.0, 133.5, 154.0]
[33.0, 524.0, 131.0, 196.0]
[38.0, 538.0, 134.5, 214.0]
[43.0, 550.0, 137.5, 164.0]
[39.0, 560.0, 140.0, 156.0]
[36.0, 512.0, 128.0, 174.0]
[40.0, 586.0, 146.5, 162.0]
[27.0, 502.0, 125.5, 160.0]
[39.0, 530.0, 132.5, 186.0]
[33.0, 498.0, 124.5, 144.0]
[43.0, 584.0, 146.0, 194.0]
[42.0, 520.0, 130.0, 212.0]
[36.0, 596.0, 149.0, 180.0]
[43.0, 552.0, 138.0, 214.0]
[46.0, 576.0, 144.0, 200.0]
[36.0, 496.0, 124.0, 170.0]
[35.0, 528.0, 132.0, 168.0]
[35.0, 536.0, 134.0, 158.0]
[55.0, 652.0, 163.0, 238.0]
[33.0, 510.0, 127.5, 142.0]
[30.0, 492.0, 123.0, 158.0]
[35.0, 534.0, 133.5, 166.0]
[34.0, 532.0, 133.0, 156.0]
[39.0, 596.0, 149.0, 166.0]
[40.0, 542.0, 135.5, 172.0]
[58.0, 538.0, 134.5, 154.0]
[40.0, 598.0, 149.5, 168.0]
[30.0, 506.0, 126.5, 168.0]
[30.0, 544.0, 136.0, 198.0]
[35.0, 522.0, 130.5, 160.0]
[47.0, 520.0, 130.0, 232.0]
[29.0, 438.0, 109.5, 136.0]
[39.0, 500.0, 125.0, 206.0]
[42.0, 542.0, 135.5, 162.0]
[32.0, 504.0, 126.0, 172.0]
[48.0, 544.0, 136.0, 234.0]
[35.0, 516.0, 129.0, 168.0]
[38.0, 560.0, 140.0, 158.0]
[35.0, 480.0, 120.0, 178.0]
[35.0, 516.0, 129.0, 168.0]
[45.0, 614.0, 153.5, 178.0]
[41.0, 552.0, 138.0, 190.0]
[36.0, 586.0, 146.5, 180.0]
[31.0, 570.0, 142.5, 164.0]
[41.0, 572.0, 143.0, 200.0]
[31.0, 482.0, 120.5, 164.0]
[34.0, 560.0, 140.0, 190.0]
[37.0, 514.0, 128.5, 172.0]
[34.0, 494.0, 123.5, 196.0]
[32.0, 556.0, 139.0, 188.0]
[35.0, 498.0, 124.5, 208.0]
[39.0, 536.0, 134.0, 196.0]
[53.0, 546.0, 136.5, 224.0]
[27.0, 508.0, 127.0, 156.0]
[36.0, 560.0, 140.0, 166.0]
[33.0, 504.0, 126.0, 184.0]
[40.0, 538.0, 134.5, 168.0]
[30.0, 514.0, 128.5, 168.0]
[34.0, 568.0, 142.0, 192.0]
[48.0, 530.0, 132.5, 174.0]
[36.0, 568.0, 142.0, 176.0]
[56.0, 684.0, 171.0, 210.0]
[34.0, 494.0, 123.5, 156.0]
[38.0, 498.0, 124.5, 224.0]
[43.0, 574.0, 143.5, 184.0]
[39.0, 580.0, 145.0, 162.0]
[55.0, 566.0, 141.5, 178.0]
[43.0, 532.0, 133.0, 184.0]
[35.0, 592.0, 148.0, 162.0]
[36.0, 528.0, 132.0, 170.0]
[39.0, 570.0, 142.5, 206.0]
[46.0, 520.0, 130.0, 160.0]
[28.0, 520.0, 130.0, 154.0]
[39.0, 510.0, 127.5, 196.0]
[35.0, 520.0, 130.0, 162.0]
[37.0, 540.0, 135.0, 166.0]
[37.0, 536.0, 134.0, 172.0]
[47.0, 524.0, 131.0, 192.0]
[43.0, 562.0, 140.5, 204.0]
[39.0, 558.0, 139.5, 156.0]
[47.0, 604.0, 151.0, 212.0]
[32.0, 516.0, 129.0, 192.0]
[52.0, 534.0, 133.5, 232.0]
[39.0, 496.0, 124.0, 166.0]
[40.0, 520.0, 130.0, 188.0]
[43.0, 532.0, 133.0, 154.0]
[43.0, 548.0, 137.0, 188.0]
[38.0, 572.0, 143.0, 164.0]
[35.0, 510.0, 127.5, 218.0]
[36.0, 468.0, 117.0, 156.0]
[36.0, 552.0, 138.0, 160.0]
[27.0, 486.0, 121.5, 172.0]
[35.0, 548.0, 137.0, 174.0]
[34.0, 522.0, 130.5, 196.0]
[38.0, 572.0, 143.0, 202.0]
[26.0, 500.0, 125.0, 146.0]
[58.0, 568.0, 142.0, 234.0]
[40.0, 574.0, 143.5, 198.0]
[34.0, 510.0, 127.5, 156.0]
[37.0, 510.0, 127.5, 182.0]
[37.0, 538.0, 134.5, 168.0]
[38.0, 560.0, 140.0, 184.0]
[40.0, 510.0, 127.5, 194.0]
[47.0, 618.0, 154.5, 212.0]
[38.0, 516.0, 129.0, 182.0]
[54.0, 554.0, 138.5, 196.0]
[39.0, 556.0, 139.0, 154.0]
[34.0, 570.0, 142.5, 154.0]
[31.0, 534.0, 133.5, 178.0]
[37.0, 550.0, 137.5, 150.0]
[33.0, 546.0, 136.5, 144.0]
[36.0, 576.0, 144.0, 168.0]
[42.0, 522.0, 130.5, 192.0]
[29.0, 392.0, 98.0, 134.0]
[36.0, 532.0, 133.0, 208.0]
[33.0, 496.0, 124.0, 174.0]
[39.0, 560.0, 140.0, 190.0]
[25.0, 502.0, 125.5, 158.0]
[43.0, 554.0, 138.5, 184.0]
[31.0, 500.0, 125.0, 168.0]
[43.0, 532.0, 133.0, 194.0]
[37.0, 540.0, 135.0, 164.0]
[53.0, 522.0, 130.5, 214.0]
[52.0, 562.0, 140.5, 192.0]
[41.0, 596.0, 149.0, 190.0]
[35.0, 540.0, 135.0, 178.0]
[45.0, 562.0, 140.5, 178.0]
[37.0, 510.0, 127.5, 154.0]
[33.0, 532.0, 133.0, 204.0]
[31.0, 458.0, 114.5, 144.0]
[55.0, 528.0, 132.0, 198.0]
[56.0, 586.0, 146.5, 260.0]
[48.0, 536.0, 134.0, 164.0]
[40.0, 612.0, 153.0, 176.0]
[35.0, 500.0, 125.0, 168.0]
[39.0, 516.0, 129.0, 188.0]
[33.0, 494.0, 123.5, 164.0]
[28.0, 440.0, 110.0, 152.0]
[35.0, 502.0, 125.5, 178.0]
[38.0, 634.0, 158.5, 170.0]
[46.0, 596.0, 149.0, 186.0]
[36.0, 540.0, 135.0, 180.0]
[45.0, 612.0, 153.0, 178.0]
[36.0, 432.0, 108.0, 210.0]
[42.0, 598.0, 149.5, 182.0]
[44.0, 578.0, 144.5, 196.0]
[47.0, 574.0, 143.5, 190.0]
[35.0, 490.0, 122.5, 156.0]
[34.0, 512.0, 128.0, 176.0]
[39.0, 450.0, 112.5, 176.0]
[35.0, 600.0, 150.0, 184.0]
[51.0, 654.0, 163.5, 224.0]
[33.0, 452.0, 113.0, 164.0]
[35.0, 540.0, 135.0, 148.0]
[44.0, 498.0, 124.5, 196.0]
[38.0, 622.0, 155.5, 190.0]
[36.0, 516.0, 129.0, 180.0]
[41.0, 554.0, 138.5, 200.0]
[31.0, 488.0, 122.0, 142.0]
[39.0, 524.0, 131.0, 146.0]
[52.0, 616.0, 154.0, 202.0]
[55.0, 570.0, 142.5, 238.0]
[41.0, 608.0, 152.0, 190.0]
[36.0, 558.0, 139.5, 156.0]
[45.0, 582.0, 145.5, 176.0]
[32.0, 534.0, 133.5, 172.0]
[40.0, 536.0, 134.0, 176.0]
[38.0, 558.0, 139.5, 154.0]
[33.0, 530.0, 132.5, 204.0]
[41.0, 560.0, 140.0, 200.0]
[34.0, 560.0, 140.0, 156.0]
[38.0, 538.0, 134.5, 154.0]
[34.0, 546.0, 136.5, 146.0]
[39.0, 548.0, 137.0, 186.0]
[56.0, 580.0, 145.0, 210.0]
[42.0, 560.0, 140.0, 212.0]
[35.0, 520.0, 130.0, 178.0]
[49.0, 532.0, 133.0, 176.0]
[39.0, 506.0, 126.5, 150.0]
[34.0, 494.0, 123.5, 152.0]
[40.0, 522.0, 130.5, 186.0]
[45.0, 610.0, 152.5, 180.0]
[36.0, 530.0, 132.5, 164.0]
[52.0, 556.0, 139.0, 182.0]
[34.0, 516.0, 129.0, 180.0]
[30.0, 476.0, 119.0, 158.0]
[48.0, 626.0, 156.5, 224.0]
[37.0, 528.0, 132.0, 164.0]
[28.0, 460.0, 115.0, 128.0]
[45.0, 596.0, 149.0, 192.0]
[36.0, 466.0, 116.5, 144.0]
[34.0, 584.0, 146.0, 174.0]
[55.0, 610.0, 152.5, 168.0]
[49.0, 614.0, 153.5, 226.0]
[37.0, 496.0, 124.0, 178.0]
[35.0, 490.0, 122.5, 158.0]
[40.0, 532.0, 133.0, 178.0]
[53.0, 670.0, 167.5, 196.0]
[35.0, 540.0, 135.0, 148.0]
[28.0, 504.0, 126.0, 162.0]
[35.0, 562.0, 140.5, 188.0]
[38.0, 582.0, 145.5, 172.0]
[53.0, 638.0, 159.5, 240.0]
[30.0, 520.0, 130.0, 138.0]
[44.0, 574.0, 143.5, 190.0]
[39.0, 576.0, 144.0, 176.0]
[36.0, 486.0, 121.5, 160.0]
[47.0, 682.0, 170.5, 184.0]
[41.0, 522.0, 130.5, 152.0]
[28.0, 502.0, 125.5, 162.0]
[30.0, 522.0, 130.5, 142.0]
[38.0, 580.0, 145.0, 190.0]
[39.0, 534.0, 133.5, 196.0]
[48.0, 642.0, 160.5, 200.0]
[35.0, 538.0, 134.5, 168.0]
[41.0, 504.0, 126.0, 150.0]
[44.0, 506.0, 126.5, 168.0]
[41.0, 556.0, 139.0, 210.0]
[26.0, 478.0, 119.5, 144.0]
[33.0, 524.0, 131.0, 150.0]
[32.0, 502.0, 125.5, 160.0]
[33.0, 542.0, 135.5, 162.0]
[29.0, 472.0, 118.0, 146.0]
[35.0, 496.0, 124.0, 148.0]
[40.0, 580.0, 145.0, 196.0]
[50.0, 606.0, 151.5, 188.0]
[43.0, 526.0, 131.5, 150.0]
[37.0, 598.0, 149.5, 172.0]
[32.0, 534.0, 133.5, 158.0]
[38.0, 554.0, 138.5, 184.0]
[49.0, 626.0, 156.5, 186.0]
[36.0, 520.0, 130.0, 200.0]
[33.0, 564.0, 141.0, 174.0]
[31.0, 520.0, 130.0, 148.0]
[38.0, 542.0, 135.5, 194.0]
[71.0, 650.0, 162.5, 250.0]
[31.0, 516.0, 129.0, 146.0]
[64.0, 604.0, 151.0, 266.0]
[51.0, 606.0, 151.5, 180.0]
[38.0, 532.0, 133.0, 164.0]
[55.0, 642.0, 160.5, 202.0]
[34.0, 540.0, 135.0, 156.0]
[55.0, 588.0, 147.0, 188.0]
[48.0, 542.0, 135.5, 184.0]
[43.0, 586.0, 146.5, 214.0]
[40.0, 564.0, 141.0, 178.0]
[39.0, 502.0, 125.5, 166.0]
[37.0, 506.0, 126.5, 172.0]
[38.0, 516.0, 129.0, 174.0]
[30.0, 474.0, 118.5, 168.0]
[37.0, 580.0, 145.0, 162.0]
[41.0, 562.0, 140.5, 240.0]
[28.0, 502.0, 125.5, 144.0]
[44.0, 478.0, 119.5, 176.0]
[40.0, 520.0, 130.0, 168.0]
[34.0, 536.0, 134.0, 176.0]
[40.0, 514.0, 128.5, 178.0]
[58.0, 588.0, 147.0, 214.0]
[36.0, 546.0, 136.5, 170.0]
[28.0, 448.0, 112.0, 144.0]
[50.0, 662.0, 165.5, 190.0]
[39.0, 540.0, 135.0, 182.0]
[50.0, 594.0, 148.5, 228.0]
[37.0, 512.0, 128.0, 186.0]
[36.0, 526.0, 131.5, 140.0]
[34.0, 502.0, 125.5, 156.0]
[36.0, 512.0, 128.0, 210.0]
[38.0, 566.0, 141.5, 174.0]
[37.0, 504.0, 126.0, 152.0]
[34.0, 584.0, 146.0, 166.0]
[40.0, 514.0, 128.5, 168.0]
[50.0, 498.0, 124.5, 178.0]
[31.0, 508.0, 127.0, 200.0]
[31.0, 516.0, 129.0, 144.0]
[58.0, 602.0, 150.5, 204.0]
[36.0, 600.0, 150.0, 166.0]
[37.0, 574.0, 143.5, 182.0]
[35.0, 584.0, 146.0, 156.0]
[47.0, 592.0, 148.0, 174.0]
[41.0, 574.0, 143.5, 180.0]
[35.0, 532.0, 133.0, 170.0]
[40.0, 522.0, 130.5, 138.0]
[37.0, 534.0, 133.5, 172.0]
[41.0, 552.0, 138.0, 150.0]
[38.0, 568.0, 142.0, 184.0]
[27.0, 456.0, 114.0, 162.0]
[30.0, 478.0, 119.5, 150.0]
[38.0, 530.0, 132.5, 158.0]
[35.0, 542.0, 135.5, 172.0]
[38.0, 526.0, 131.5, 154.0]
[34.0, 504.0, 126.0, 186.0]
[35.0, 604.0, 151.0, 192.0]
[26.0, 430.0, 107.5, 178.0]
[41.0, 564.0, 141.0, 174.0]
[34.0, 548.0, 137.0, 176.0]
[38.0, 540.0, 135.0, 156.0]
[52.0, 484.0, 121.0, 192.0]
[46.0, 528.0, 132.0, 180.0]
[35.0, 508.0, 127.0, 158.0]
[49.0, 602.0, 150.5, 186.0]
[35.0, 514.0, 128.5, 188.0]
[38.0, 596.0, 149.0, 188.0]
[30.0, 486.0, 121.5, 162.0]
[49.0, 538.0, 134.5, 206.0]
[46.0, 616.0, 154.0, 196.0]
[32.0, 488.0, 122.0, 152.0]
[29.0, 498.0, 124.5, 176.0]
[38.0, 484.0, 121.0, 148.0]
[35.0, 506.0, 126.5, 158.0]
[31.0, 510.0, 127.5, 156.0]
[36.0, 554.0, 138.5, 164.0]
[36.0, 546.0, 136.5, 166.0]
[46.0, 546.0, 136.5, 190.0]
[42.0, 478.0, 119.5, 192.0]
[41.0, 608.0, 152.0, 192.0]
[36.0, 548.0, 137.0, 180.0]
[37.0, 558.0, 139.5, 188.0]
[50.0, 628.0, 157.0, 194.0]
[35.0, 530.0, 132.5, 148.0]
[37.0, 526.0, 131.5, 206.0]
[49.0, 636.0, 159.0, 226.0]
[33.0, 528.0, 132.0, 194.0]
[36.0, 524.0, 131.0, 154.0]
[39.0, 524.0, 131.0, 186.0]
[36.0, 554.0, 138.5, 160.0]
[39.0, 652.0, 163.0, 196.0]
[43.0, 548.0, 137.0, 154.0]
[34.0, 492.0, 123.0, 160.0]
[41.0, 496.0, 124.0, 160.0]
[36.0, 478.0, 119.5, 160.0]
[39.0, 496.0, 124.0, 166.0]
[39.0, 536.0, 134.0, 156.0]
[28.0, 496.0, 124.0, 134.0]
[38.0, 528.0, 132.0, 174.0]
[50.0, 624.0, 156.0, 204.0]
[37.0, 564.0, 141.0, 178.0]
[53.0, 514.0, 128.5, 194.0]
[41.0, 594.0, 148.5, 180.0]
[34.0, 504.0, 126.0, 166.0]
[38.0, 496.0, 124.0, 194.0]
[36.0, 554.0, 138.5, 184.0]
[37.0, 504.0, 126.0, 144.0]
[49.0, 576.0, 144.0, 196.0]
[33.0, 498.0, 124.5, 164.0]
[34.0, 524.0, 131.0, 164.0]
[46.0, 520.0, 130.0, 170.0]
[40.0, 590.0, 147.5, 208.0]
[34.0, 544.0, 136.0, 166.0]
[29.0, 516.0, 129.0, 162.0]
[45.0, 566.0, 141.5, 166.0]
[42.0, 574.0, 143.5, 152.0]
[31.0, 510.0, 127.5, 136.0]
[40.0, 538.0, 134.5, 186.0]
[19.0, 414.0, 103.5, 126.0]
[37.0, 544.0, 136.0, 162.0]
[50.0, 542.0, 135.5, 258.0]
[30.0, 520.0, 130.0, 148.0]
[31.0, 422.0, 105.5, 124.0]
[33.0, 510.0, 127.5, 192.0]
[30.0, 484.0, 121.0, 188.0]
[29.0, 496.0, 124.0, 170.0]
[45.0, 594.0, 148.5, 228.0]
[32.0, 490.0, 122.5, 162.0]
[29.0, 456.0, 114.0, 176.0]
[60.0, 638.0, 159.5, 198.0]
[32.0, 476.0, 119.0, 172.0]
[32.0, 534.0, 133.5, 172.0]
[35.0, 570.0, 142.5, 168.0]
[43.0, 558.0, 139.5, 180.0]
[48.0, 630.0, 157.5, 194.0]
[61.0, 580.0, 145.0, 230.0]
[28.0, 462.0, 115.5, 194.0]
[34.0, 478.0, 119.5, 166.0]
[38.0, 500.0, 125.0, 174.0]
[35.0, 500.0, 125.0, 196.0]
[40.0, 548.0, 137.0, 182.0]
[36.0, 528.0, 132.0, 180.0]
[37.0, 562.0, 140.5, 196.0]
[50.0, 634.0, 158.5, 238.0]
[34.0, 500.0, 125.0, 138.0]
[39.0, 546.0, 136.5, 166.0]
[33.0, 466.0, 116.5, 158.0]
[37.0, 528.0, 132.0, 154.0]
[37.0, 516.0, 129.0, 182.0]
[38.0, 558.0, 139.5, 164.0]
[52.0, 628.0, 157.0, 212.0]
[33.0, 476.0, 119.0, 154.0]
[54.0, 590.0, 147.5, 178.0]
[55.0, 664.0, 166.0, 208.0]
[36.0, 570.0, 142.5, 160.0]
[34.0, 470.0, 117.5, 156.0]
[39.0, 530.0, 132.5, 152.0]
[38.0, 566.0, 141.5, 214.0]
[40.0, 654.0, 163.5, 192.0]
[45.0, 600.0, 150.0, 218.0]
[40.0, 580.0, 145.0, 166.0]
[37.0, 610.0, 152.5, 170.0]
[40.0, 552.0, 138.0, 160.0]
[27.0, 486.0, 121.5, 152.0]
[35.0, 498.0, 124.5, 178.0]
[54.0, 642.0, 160.5, 188.0]
[33.0, 548.0, 137.0, 172.0]
[36.0, 518.0, 129.5, 150.0]
[27.0, 438.0, 109.5, 170.0]
[33.0, 556.0, 139.0, 172.0]
[33.0, 470.0, 117.5, 128.0]
[42.0, 564.0, 141.0, 182.0]
[40.0, 560.0, 140.0, 168.0]
[27.0, 494.0, 123.5, 138.0]
[43.0, 580.0, 145.0, 186.0]
[40.0, 566.0, 141.5, 178.0]
[40.0, 558.0, 139.5, 178.0]
[42.0, 584.0, 146.0, 182.0]
[36.0, 526.0, 131.5, 150.0]
[55.0, 552.0, 138.0, 208.0]
[45.0, 548.0, 137.0, 168.0]
[44.0, 622.0, 155.5, 196.0]
[33.0, 552.0, 138.0, 154.0]
[34.0, 472.0, 118.0, 166.0]
[44.0, 558.0, 139.5, 184.0]
[35.0, 524.0, 131.0, 178.0]
[40.0, 552.0, 138.0, 178.0]
[37.0, 562.0, 140.5, 170.0]
[47.0, 550.0, 137.5, 212.0]
[37.0, 560.0, 140.0, 174.0]
[26.0, 522.0, 130.5, 180.0]
[47.0, 584.0, 146.0, 202.0]
[38.0, 550.0, 137.5, 184.0]
[31.0, 500.0, 125.0, 130.0]
[53.0, 572.0, 143.0, 214.0]
[32.0, 532.0, 133.0, 168.0]
[34.0, 550.0, 137.5, 162.0]
[24.0, 442.0, 110.5, 156.0]
[50.0, 578.0, 144.5, 168.0]
[31.0, 536.0, 134.0, 180.0]
[34.0, 538.0, 134.5, 168.0]
[41.0, 504.0, 126.0, 220.0]
[39.0, 622.0, 155.5, 190.0]
[40.0, 580.0, 145.0, 208.0]
[36.0, 500.0, 125.0, 142.0]
[38.0, 538.0, 134.5, 166.0]
[36.0, 568.0, 142.0, 164.0]
[27.0, 478.0, 119.5, 196.0]
[41.0, 566.0, 141.5, 182.0]
[54.0, 554.0, 138.5, 186.0]
[58.0, 650.0, 162.5, 174.0]
[36.0, 580.0, 145.0, 170.0]
[41.0, 588.0, 147.0, 180.0]
[35.0, 534.0, 133.5, 214.0]
[35.0, 498.0, 124.5, 188.0]
[33.0, 496.0, 124.0, 162.0]
[30.0, 510.0, 127.5, 166.0]
[36.0, 508.0, 127.0, 170.0]
[30.0, 512.0, 128.0, 180.0]
[54.0, 522.0, 130.5, 236.0]
[48.0, 564.0, 141.0, 174.0]
[38.0, 504.0, 126.0, 204.0]
[49.0, 584.0, 146.0, 176.0]
[44.0, 600.0, 150.0, 186.0]
[33.0, 566.0, 141.5, 190.0]
[28.0, 520.0, 130.0, 152.0]
[37.0, 548.0, 137.0, 166.0]
[38.0, 528.0, 132.0, 174.0]
[35.0, 534.0, 133.5, 198.0]
[50.0, 544.0, 136.0, 188.0]
[44.0, 546.0, 136.5, 236.0]
[31.0, 516.0, 129.0, 180.0]
[32.0, 522.0, 130.5, 168.0]
[36.0, 594.0, 148.5, 174.0]
[38.0, 552.0, 138.0, 184.0]
[33.0, 508.0, 127.0, 174.0]
[37.0, 586.0, 146.5, 188.0]
[35.0, 560.0, 140.0, 178.0]
[32.0, 550.0, 137.5, 166.0]
[41.0, 574.0, 143.5, 180.0]
[33.0, 574.0, 143.5, 146.0]
[35.0, 530.0, 132.5, 152.0]
[35.0, 524.0, 131.0, 168.0]
[35.0, 478.0, 119.5, 156.0]
[59.0, 628.0, 157.0, 206.0]
[33.0, 554.0, 138.5, 164.0]
[36.0, 552.0, 138.0, 164.0]
[42.0, 596.0, 149.0, 196.0]
[53.0, 602.0, 150.5, 244.0]
[42.0, 538.0, 134.5, 182.0]
[46.0, 570.0, 142.5, 238.0]
[35.0, 496.0, 124.0, 158.0]
[22.0, 408.0, 102.0, 144.0]
[32.0, 514.0, 128.5, 186.0]
[37.0, 540.0, 135.0, 192.0]
[32.0, 522.0, 130.5, 152.0]
[36.0, 564.0, 141.0, 190.0]
[37.0, 572.0, 143.0, 192.0]
[40.0, 638.0, 159.5, 174.0]
[44.0, 566.0, 141.5, 222.0]
[34.0, 476.0, 119.0, 172.0]
[36.0, 566.0, 141.5, 180.0]
[41.0, 608.0, 152.0, 170.0]
[47.0, 562.0, 140.5, 182.0]
[50.0, 586.0, 146.5, 188.0]
[24.0, 458.0, 114.5, 166.0]
[31.0, 510.0, 127.5, 180.0]
[39.0, 576.0, 144.0, 158.0]
[47.0, 574.0, 143.5, 192.0]
[38.0, 604.0, 151.0, 194.0]
[39.0, 516.0, 129.0, 184.0]
[35.0, 500.0, 125.0, 158.0]
[36.0, 508.0, 127.0, 170.0]
[32.0, 472.0, 118.0, 162.0]
[55.0, 606.0, 151.5, 238.0]
[46.0, 584.0, 146.0, 210.0]
[28.0, 440.0, 110.0, 154.0]
[30.0, 542.0, 135.5, 158.0]
[48.0, 540.0, 135.0, 164.0]
[28.0, 482.0, 120.5, 162.0]
[37.0, 554.0, 138.5, 174.0]
[41.0, 610.0, 152.5, 182.0]
[31.0, 536.0, 134.0, 166.0]
[33.0, 518.0, 129.5, 154.0]
[32.0, 492.0, 123.0, 152.0]
[33.0, 534.0, 133.5, 164.0]
[51.0, 542.0, 135.5, 200.0]
[35.0, 582.0, 145.5, 152.0]
[44.0, 510.0, 127.5, 206.0]
[48.0, 632.0, 158.0, 194.0]
[34.0, 520.0, 130.0, 166.0]
[37.0, 576.0, 144.0, 192.0]
[30.0, 502.0, 125.5, 132.0]
[54.0, 552.0, 138.0, 186.0]
[53.0, 502.0, 125.5, 214.0]
[38.0, 588.0, 147.0, 174.0]
[34.0, 504.0, 126.0, 140.0]
[30.0, 548.0, 137.0, 168.0]
[36.0, 484.0, 121.0, 200.0]
[39.0, 552.0, 138.0, 206.0]
[41.0, 510.0, 127.5, 144.0]
[50.0, 574.0, 143.5, 178.0]
[29.0, 512.0, 128.0, 186.0]
[39.0, 540.0, 135.0, 186.0]
[43.0, 546.0, 136.5, 188.0]
[36.0, 488.0, 122.0, 180.0]
[34.0, 570.0, 142.5, 176.0]
[37.0, 490.0, 122.5, 182.0]
[35.0, 554.0, 138.5, 168.0]
[39.0, 530.0, 132.5, 192.0]
[32.0, 528.0, 132.0, 146.0]
[34.0, 450.0, 112.5, 154.0]
[38.0, 616.0, 154.0, 204.0]
[39.0, 516.0, 129.0, 146.0]
[39.0, 502.0, 125.5, 156.0]
[39.0, 554.0, 138.5, 174.0]
[33.0, 570.0, 142.5, 194.0]
[40.0, 562.0, 140.5, 188.0]
[36.0, 558.0, 139.5, 168.0]
[31.0, 484.0, 121.0, 160.0]
[57.0, 564.0, 141.0, 232.0]
[38.0, 514.0, 128.5, 174.0]
[41.0, 558.0, 139.5, 174.0]
[36.0, 496.0, 124.0, 160.0]
[28.0, 466.0, 116.5, 150.0]
[56.0, 606.0, 151.5, 230.0]
[35.0, 530.0, 132.5, 146.0]
[39.0, 498.0, 124.5, 186.0]
[45.0, 586.0, 146.5, 208.0]
[47.0, 602.0, 150.5, 212.0]
[37.0, 542.0, 135.5, 156.0]
[25.0, 402.0, 100.5, 130.0]
[46.0, 636.0, 159.0, 180.0]
[27.0, 492.0, 123.0, 172.0]
[24.0, 462.0, 115.5, 176.0]
[44.0, 578.0, 144.5, 176.0]
[39.0, 526.0, 131.5, 216.0]
[40.0, 594.0, 148.5, 198.0]
[35.0, 524.0, 131.0, 178.0]
[56.0, 564.0, 141.0, 220.0]
[40.0, 510.0, 127.5, 198.0]
[34.0, 556.0, 139.0, 170.0]
[42.0, 516.0, 129.0, 202.0]
[34.0, 562.0, 140.5, 166.0]
[36.0, 516.0, 129.0, 170.0]
[35.0, 534.0, 133.5, 174.0]
[38.0, 520.0, 130.0, 162.0]
[49.0, 622.0, 155.5, 176.0]
[57.0, 544.0, 136.0, 232.0]
[41.0, 586.0, 146.5, 200.0]
[38.0, 540.0, 135.0, 160.0]
[36.0, 524.0, 131.0, 178.0]
[33.0, 480.0, 120.0, 156.0]
[40.0, 486.0, 121.5, 198.0]
[37.0, 554.0, 138.5, 182.0]
[35.0, 556.0, 139.0, 158.0]
[35.0, 550.0, 137.5, 168.0]
[29.0, 438.0, 109.5, 166.0]
[34.0, 480.0, 120.0, 162.0]
[42.0, 504.0, 126.0, 242.0]
[32.0, 460.0, 115.0, 152.0]
[40.0, 546.0, 136.5, 198.0]
[37.0, 502.0, 125.5, 172.0]
[46.0, 644.0, 161.0, 180.0]
[40.0, 550.0, 137.5, 150.0]
[43.0, 578.0, 144.5, 168.0]
[42.0, 570.0, 142.5, 192.0]
[51.0, 538.0, 134.5, 180.0]
[33.0, 534.0, 133.5, 142.0]
[37.0, 560.0, 140.0, 162.0]
[29.0, 466.0, 116.5, 146.0]
[39.0, 582.0, 145.5, 170.0]
[45.0, 544.0, 136.0, 178.0]
[31.0, 488.0, 122.0, 176.0]
[34.0, 574.0, 143.5, 152.0]
[50.0, 578.0, 144.5, 178.0]
[37.0, 554.0, 138.5, 156.0]
[50.0, 688.0, 172.0, 196.0]
[39.0, 560.0, 140.0, 156.0]
[38.0, 534.0, 133.5, 154.0]
[51.0, 620.0, 155.0, 200.0]
[38.0, 538.0, 134.5, 204.0]
[40.0, 594.0, 148.5, 182.0]
[33.0, 576.0, 144.0, 184.0]
[35.0, 570.0, 142.5, 160.0]
[47.0, 542.0, 135.5, 202.0]
[30.0, 516.0, 129.0, 166.0]
[37.0, 500.0, 125.0, 192.0]
[35.0, 534.0, 133.5, 168.0]
[29.0, 480.0, 120.0, 144.0]
[43.0, 582.0, 145.5, 204.0]
[33.0, 536.0, 134.0, 160.0]
[38.0, 538.0, 134.5, 194.0]
[38.0, 604.0, 151.0, 184.0]
[36.0, 522.0, 130.5, 180.0]
[43.0, 632.0, 158.0, 178.0]
[46.0, 614.0, 153.5, 164.0]
[45.0, 476.0, 119.0, 158.0]
[32.0, 530.0, 132.5, 144.0]
[47.0, 594.0, 148.5, 162.0]
[47.0, 568.0, 142.0, 182.0]
[36.0, 524.0, 131.0, 180.0]
[41.0, 538.0, 134.5, 170.0]
[47.0, 620.0, 155.0, 176.0]
[30.0, 506.0, 126.5, 156.0]
[40.0, 502.0, 125.5, 178.0]
[35.0, 512.0, 128.0, 188.0]
[35.0, 534.0, 133.5, 170.0]
[40.0, 596.0, 149.0, 160.0]
[52.0, 602.0, 150.5, 212.0]
[34.0, 492.0, 123.0, 164.0]
[58.0, 662.0, 165.5, 224.0]
[30.0, 498.0, 124.5, 188.0]
[35.0, 534.0, 133.5, 148.0]
[43.0, 560.0, 140.0, 224.0]
[45.0, 546.0, 136.5, 178.0]
[32.0, 560.0, 140.0, 180.0]
[39.0, 552.0, 138.0, 156.0]
[39.0, 518.0, 129.5, 196.0]
[39.0, 590.0, 147.5, 206.0]
[43.0, 556.0, 139.0, 174.0]
[35.0, 500.0, 125.0, 158.0]
[35.0, 552.0, 138.0, 158.0]
[36.0, 516.0, 129.0, 160.0]
[44.0, 530.0, 132.5, 216.0]
[37.0, 522.0, 130.5, 166.0]
[33.0, 506.0, 126.5, 174.0]
[48.0, 578.0, 144.5, 184.0]
[42.0, 610.0, 152.5, 172.0]
[29.0, 454.0, 113.5, 182.0]
[40.0, 482.0, 120.5, 178.0]
[29.0, 492.0, 123.0, 148.0]
[33.0, 514.0, 128.5, 154.0]
[46.0, 548.0, 137.0, 194.0]
[47.0, 622.0, 155.5, 202.0]
[42.0, 494.0, 123.5, 222.0]
[49.0, 566.0, 141.5, 176.0]
[45.0, 594.0, 148.5, 170.0]
[34.0, 470.0, 117.5, 136.0]
[35.0, 574.0, 143.5, 228.0]
[39.0, 564.0, 141.0, 214.0]
[37.0, 542.0, 135.5, 172.0]
[27.0, 500.0, 125.0, 168.0]
[35.0, 506.0, 126.5, 164.0]
[38.0, 492.0, 123.0, 194.0]
[38.0, 536.0, 134.0, 158.0]
[49.0, 572.0, 143.0, 196.0]
[38.0, 458.0, 114.5, 144.0]
[29.0, 508.0, 127.0, 142.0]
[44.0, 564.0, 141.0, 186.0]
[33.0, 538.0, 134.5, 176.0]
[31.0, 522.0, 130.5, 150.0]
[40.0, 584.0, 146.0, 188.0]
[41.0, 466.0, 116.5, 170.0]
[52.0, 540.0, 135.0, 212.0]
[33.0, 556.0, 139.0, 164.0]
[46.0, 558.0, 139.5, 200.0]
[35.0, 550.0, 137.5, 178.0]
[48.0, 580.0, 145.0, 174.0]
[35.0, 488.0, 122.0, 158.0]
[49.0, 618.0, 154.5, 216.0]
[43.0, 566.0, 141.5, 184.0]
[37.0, 508.0, 127.0, 172.0]
[47.0, 598.0, 149.5, 182.0]
[53.0, 624.0, 156.0, 194.0]
[38.0, 554.0, 138.5, 154.0]
[48.0, 586.0, 146.5, 204.0]
[35.0, 572.0, 143.0, 164.0]
[35.0, 480.0, 120.0, 186.0]
[30.0, 444.0, 111.0, 138.0]
[39.0, 518.0, 129.5, 162.0]
[30.0, 556.0, 139.0, 158.0]
[43.0, 554.0, 138.5, 194.0]
[48.0, 620.0, 155.0, 198.0]
[26.0, 464.0, 116.0, 160.0]
[30.0, 530.0, 132.5, 182.0]
[31.0, 462.0, 115.5, 170.0]
[37.0, 556.0, 139.0, 172.0]
[42.0, 574.0, 143.5, 172.0]
[42.0, 534.0, 133.5, 212.0]
[27.0, 508.0, 127.0, 176.0]
[51.0, 522.0, 130.5, 190.0]
[33.0, 532.0, 133.0, 164.0]
[54.0, 644.0, 161.0, 186.0]
[43.0, 582.0, 145.5, 178.0]
[31.0, 502.0, 125.5, 176.0]
[41.0, 538.0, 134.5, 178.0]
[31.0, 540.0, 135.0, 160.0]
[30.0, 464.0, 116.0, 158.0]
[35.0, 520.0, 130.0, 162.0]
[35.0, 602.0, 150.5, 188.0]
[47.0, 582.0, 145.5, 212.0]
[33.0, 496.0, 124.0, 206.0]
[39.0, 514.0, 128.5, 186.0]
[35.0, 550.0, 137.5, 168.0]
[48.0, 562.0, 140.5, 184.0]
[37.0, 530.0, 132.5, 176.0]
[33.0, 486.0, 121.5, 144.0]
[50.0, 536.0, 134.0, 178.0]
[29.0, 520.0, 130.0, 166.0]
[38.0, 496.0, 124.0, 184.0]
[46.0, 584.0, 146.0, 172.0]
[39.0, 534.0, 133.5, 186.0]
[41.0, 512.0, 128.0, 200.0]
[36.0, 512.0, 128.0, 160.0]
[43.0, 562.0, 140.5, 204.0]
[39.0, 598.0, 149.5, 176.0]
[33.0, 506.0, 126.5, 164.0]
[35.0, 528.0, 132.0, 178.0]
[36.0, 456.0, 114.0, 170.0]
[39.0, 456.0, 114.0, 176.0]
[38.0, 510.0, 127.5, 194.0]
[39.0, 582.0, 145.5, 196.0]
[32.0, 496.0, 124.0, 170.0]
[32.0, 476.0, 119.0, 176.0]
[39.0, 528.0, 132.0, 166.0]
[43.0, 588.0, 147.0, 188.0]
[41.0, 556.0, 139.0, 168.0]
[56.0, 558.0, 139.5, 170.0]
[35.0, 534.0, 133.5, 160.0]
[53.0, 658.0, 164.5, 188.0]
[28.0, 520.0, 130.0, 166.0]
[36.0, 508.0, 127.0, 160.0]
[48.0, 544.0, 136.0, 184.0]
[35.0, 536.0, 134.0, 156.0]
[42.0, 552.0, 138.0, 192.0]
[31.0, 524.0, 131.0, 170.0]
[58.0, 598.0, 149.5, 194.0]
[34.0, 508.0, 127.0, 206.0]
[59.0, 646.0, 161.5, 206.0]
[32.0, 548.0, 137.0, 202.0]
[37.0, 574.0, 143.5, 162.0]
[46.0, 612.0, 153.0, 248.0]
[37.0, 508.0, 127.0, 166.0]
[43.0, 552.0, 138.0, 174.0]
[47.0, 560.0, 140.0, 222.0]
[41.0, 628.0, 157.0, 240.0]
[34.0, 448.0, 112.0, 176.0]
[33.0, 522.0, 130.5, 174.0]
[37.0, 566.0, 141.5, 162.0]
[29.0, 534.0, 133.5, 146.0]
[36.0, 520.0, 130.0, 160.0]
[37.0, 548.0, 137.0, 172.0]
[35.0, 536.0, 134.0, 166.0]
[26.0, 502.0, 125.5, 172.0]
[41.0, 554.0, 138.5, 190.0]
[33.0, 532.0, 133.0, 204.0]
[36.0, 514.0, 128.5, 180.0]
[30.0, 502.0, 125.5, 154.0]
[33.0, 488.0, 122.0, 158.0]
[44.0, 510.0, 127.5, 246.0]
[34.0, 566.0, 141.5, 188.0]
[40.0, 586.0, 146.5, 196.0]
[31.0, 534.0, 133.5, 150.0]
[36.0, 522.0, 130.5, 168.0]
[45.0, 612.0, 153.0, 182.0]
[40.0, 480.0, 120.0, 188.0]
[47.0, 600.0, 150.0, 174.0]
[30.0, 494.0, 123.5, 168.0]
[33.0, 550.0, 137.5, 158.0]
[40.0, 504.0, 126.0, 198.0]
[41.0, 542.0, 135.5, 180.0]
[31.0, 520.0, 130.0, 186.0]
[36.0, 538.0, 134.5, 180.0]
[34.0, 578.0, 144.5, 186.0]
[51.0, 582.0, 145.5, 168.0]
[36.0, 544.0, 136.0, 190.0]
[36.0, 478.0, 119.5, 180.0]
[40.0, 522.0, 130.5, 188.0]
[36.0, 532.0, 133.0, 178.0]
[35.0, 528.0, 132.0, 168.0]
[35.0, 530.0, 132.5, 218.0]
[42.0, 540.0, 135.0, 162.0]
[29.0, 538.0, 134.5, 146.0]
[55.0, 510.0, 127.5, 158.0]
[51.0, 574.0, 143.5, 230.0]
[40.0, 494.0, 123.5, 184.0]
[37.0, 548.0, 137.0, 154.0]
[57.0, 544.0, 136.0, 192.0]
[34.0, 528.0, 132.0, 176.0]
[57.0, 554.0, 138.5, 182.0]
[46.0, 538.0, 134.5, 230.0]
[34.0, 496.0, 124.0, 162.0]
[35.0, 544.0, 136.0, 168.0]
[34.0, 526.0, 131.5, 206.0]
[37.0, 554.0, 138.5, 182.0]
[58.0, 602.0, 150.5, 194.0]
[43.0, 504.0, 126.0, 208.0]
[32.0, 538.0, 134.5, 180.0]
[40.0, 504.0, 126.0, 160.0]
[53.0, 596.0, 149.0, 224.0]
[30.0, 494.0, 123.5, 208.0]
[37.0, 494.0, 123.5, 152.0]
[41.0, 526.0, 131.5, 180.0]
[43.0, 552.0, 138.0, 184.0]
[37.0, 522.0, 130.5, 172.0]
[33.0, 514.0, 128.5, 184.0]
[31.0, 506.0, 126.5, 140.0]
[52.0, 540.0, 135.0, 212.0]
[33.0, 550.0, 137.5, 170.0]
[53.0, 698.0, 174.5, 194.0]
[57.0, 582.0, 145.5, 172.0]
[48.0, 528.0, 132.0, 184.0]
[34.0, 528.0, 132.0, 152.0]
[48.0, 608.0, 152.0, 214.0]
[30.0, 468.0, 117.0, 132.0]
[36.0, 514.0, 128.5, 180.0]
[47.0, 554.0, 138.5, 242.0]
[51.0, 578.0, 144.5, 180.0]
[47.0, 574.0, 143.5, 172.0]
[38.0, 560.0, 140.0, 154.0]
[37.0, 518.0, 129.5, 158.0]
[37.0, 540.0, 135.0, 178.0]
[35.0, 542.0, 135.5, 168.0]
[39.0, 432.0, 108.0, 176.0]
[36.0, 496.0, 124.0, 180.0]
[30.0, 468.0, 117.0, 168.0]
[40.0, 480.0, 120.0, 158.0]
[49.0, 596.0, 149.0, 234.0]
[30.0, 490.0, 122.5, 140.0]
[31.0, 496.0, 124.0, 166.0]
[37.0, 452.0, 113.0, 192.0]
[46.0, 552.0, 138.0, 170.0]
[33.0, 528.0, 132.0, 150.0]
[35.0, 498.0, 124.5, 152.0]
[34.0, 550.0, 137.5, 150.0]
[35.0, 556.0, 139.0, 188.0]
[31.0, 536.0, 134.0, 158.0]
[38.0, 510.0, 127.5, 188.0]
[44.0, 570.0, 142.5, 216.0]
[45.0, 634.0, 158.5, 178.0]
[55.0, 564.0, 141.0, 258.0]
[35.0, 560.0, 140.0, 188.0]
[39.0, 472.0, 118.0, 176.0]
[38.0, 488.0, 122.0, 154.0]
[48.0, 500.0, 125.0, 204.0]
[31.0, 490.0, 122.5, 170.0]
[36.0, 500.0, 125.0, 170.0]
[35.0, 502.0, 125.5, 188.0]
[35.0, 500.0, 125.0, 168.0]
[36.0, 580.0, 145.0, 170.0]
[34.0, 584.0, 146.0, 164.0]
[44.0, 592.0, 148.0, 166.0]
[33.0, 528.0, 132.0, 184.0]
[39.0, 566.0, 141.5, 168.0]
[36.0, 484.0, 121.0, 210.0]
[35.0, 514.0, 128.5, 176.0]
[32.0, 524.0, 131.0, 172.0]
[38.0, 584.0, 146.0, 224.0]
[34.0, 550.0, 137.5, 166.0]
[34.0, 552.0, 138.0, 172.0]
[38.0, 532.0, 133.0, 174.0]
[51.0, 588.0, 147.0, 200.0]
[42.0, 540.0, 135.0, 212.0]
[36.0, 588.0, 147.0, 178.0]
[44.0, 536.0, 134.0, 196.0]
[34.0, 530.0, 132.5, 168.0]
[34.0, 530.0, 132.5, 186.0]
[34.0, 530.0, 132.5, 148.0]
[34.0, 516.0, 129.0, 156.0]
[28.0, 464.0, 116.0, 144.0]
[35.0, 496.0, 124.0, 168.0]
[45.0, 490.0, 122.5, 206.0]
[33.0, 548.0, 137.0, 190.0]
[34.0, 592.0, 148.0, 186.0]
[37.0, 530.0, 132.5, 172.0]
[43.0, 542.0, 135.5, 152.0]
[37.0, 582.0, 145.5, 198.0]
[36.0, 518.0, 129.5, 148.0]
[28.0, 420.0, 105.0, 174.0]
[37.0, 554.0, 138.5, 192.0]
[28.0, 462.0, 115.5, 194.0]
[34.0, 578.0, 144.5, 156.0]
[48.0, 550.0, 137.5, 182.0]
[50.0, 554.0, 138.5, 178.0]
[37.0, 528.0, 132.0, 202.0]
[41.0, 624.0, 156.0, 214.0]
[37.0, 564.0, 141.0, 192.0]
[42.0, 554.0, 138.5, 174.0]
[41.0, 488.0, 122.0, 180.0]
[37.0, 560.0, 140.0, 192.0]
[32.0, 520.0, 130.0, 182.0]
[44.0, 464.0, 116.0, 166.0]
[38.0, 508.0, 127.0, 154.0]
[56.0, 556.0, 139.0, 250.0]
[22.0, 438.0, 109.5, 152.0]
[38.0, 556.0, 139.0, 194.0]
[47.0, 542.0, 135.5, 182.0]
[34.0, 524.0, 131.0, 142.0]
[31.0, 520.0, 130.0, 146.0]
[45.0, 524.0, 131.0, 158.0]
[32.0, 560.0, 140.0, 152.0]
[44.0, 578.0, 144.5, 186.0]
[53.0, 536.0, 134.0, 234.0]
[41.0, 550.0, 137.5, 170.0]
[38.0, 538.0, 134.5, 162.0]
[48.0, 560.0, 140.0, 194.0]
[47.0, 606.0, 151.5, 198.0]
[36.0, 584.0, 146.0, 168.0]
[32.0, 540.0, 135.0, 192.0]
[41.0, 560.0, 140.0, 150.0]
[37.0, 514.0, 128.5, 192.0]
[35.0, 506.0, 126.5, 188.0]
[57.0, 530.0, 132.5, 172.0]
[34.0, 566.0, 141.5, 156.0]
[26.0, 472.0, 118.0, 160.0]
[36.0, 500.0, 125.0, 180.0]
[37.0, 540.0, 135.0, 162.0]
[44.0, 620.0, 155.0, 196.0]
[40.0, 558.0, 139.5, 188.0]
[33.0, 494.0, 123.5, 164.0]
[36.0, 500.0, 125.0, 160.0]
[35.0, 576.0, 144.0, 170.0]
[47.0, 548.0, 137.0, 202.0]
[38.0, 560.0, 140.0, 154.0]
[37.0, 588.0, 147.0, 172.0]
[30.0, 514.0, 128.5, 158.0]
[39.0, 550.0, 137.5, 206.0]
[35.0, 542.0, 135.5, 178.0]
[52.0, 612.0, 153.0, 202.0]
[38.0, 586.0, 146.5, 158.0]
[40.0, 540.0, 135.0, 178.0]
[50.0, 570.0, 142.5, 188.0]
[31.0, 492.0, 123.0, 140.0]
[40.0, 554.0, 138.5, 172.0]
[41.0, 554.0, 138.5, 180.0]
[37.0, 512.0, 128.0, 172.0]
[38.0, 518.0, 129.5, 184.0]
[38.0, 554.0, 138.5, 180.0]
[39.0, 546.0, 136.5, 176.0]
[51.0, 594.0, 148.5, 160.0]
[57.0, 628.0, 157.0, 232.0]
[31.0, 516.0, 129.0, 152.0]
[49.0, 588.0, 147.0, 186.0]
[37.0, 586.0, 146.5, 172.0]
[38.0, 520.0, 130.0, 164.0]
[41.0, 574.0, 143.5, 200.0]
[37.0, 568.0, 142.0, 152.0]
[38.0, 514.0, 128.5, 142.0]
[38.0, 580.0, 145.0, 194.0]
[39.0, 504.0, 126.0, 156.0]
[47.0, 586.0, 146.5, 166.0]
[34.0, 536.0, 134.0, 136.0]
[45.0, 564.0, 141.0, 158.0]
[24.0, 518.0, 129.5, 186.0]
[35.0, 512.0, 128.0, 208.0]
[39.0, 566.0, 141.5, 176.0]
[34.0, 554.0, 138.5, 170.0]
[40.0, 560.0, 140.0, 176.0]
[28.0, 500.0, 125.0, 174.0]
[41.0, 496.0, 124.0, 140.0]
[34.0, 512.0, 128.0, 152.0]
[56.0, 590.0, 147.5, 210.0]
[45.0, 558.0, 139.5, 158.0]
[44.0, 608.0, 152.0, 186.0]
[49.0, 540.0, 135.0, 192.0]
[50.0, 540.0, 135.0, 190.0]
[50.0, 604.0, 151.0, 178.0]
[39.0, 574.0, 143.5, 180.0]
[40.0, 528.0, 132.0, 208.0]
[45.0, 542.0, 135.5, 198.0]
[48.0, 558.0, 139.5, 204.0]
[34.0, 558.0, 139.5, 146.0]
[40.0, 560.0, 140.0, 188.0]
[38.0, 518.0, 129.5, 154.0]
[35.0, 536.0, 134.0, 164.0]
[28.0, 508.0, 127.0, 154.0]
[30.0, 470.0, 117.5, 148.0]
[34.0, 438.0, 109.5, 158.0]
[33.0, 600.0, 150.0, 194.0]
[37.0, 526.0, 131.5, 176.0]
[34.0, 546.0, 136.5, 166.0]
[39.0, 618.0, 154.5, 196.0]
[55.0, 610.0, 152.5, 248.0]
[46.0, 626.0, 156.5, 196.0]
[35.0, 508.0, 127.0, 154.0]
[46.0, 568.0, 142.0, 174.0]
[47.0, 606.0, 151.5, 222.0]
[37.0, 522.0, 130.5, 166.0]
[44.0, 570.0, 142.5, 186.0]
[43.0, 610.0, 152.5, 158.0]
[29.0, 510.0, 127.5, 152.0]
[25.0, 430.0, 107.5, 156.0]
[34.0, 560.0, 140.0, 166.0]
[30.0, 508.0, 127.0, 138.0]
[34.0, 558.0, 139.5, 166.0]
[53.0, 596.0, 149.0, 224.0]
[34.0, 460.0, 115.0, 196.0]
[29.0, 494.0, 123.5, 138.0]
[33.0, 594.0, 148.5, 184.0]
[43.0, 642.0, 160.5, 174.0]
[49.0, 536.0, 134.0, 190.0]
[54.0, 584.0, 146.0, 176.0]
[52.0, 582.0, 145.5, 192.0]
[48.0, 600.0, 150.0, 188.0]
[33.0, 504.0, 126.0, 164.0]
[36.0, 476.0, 119.0, 140.0]
[34.0, 522.0, 130.5, 176.0]
[51.0, 488.0, 122.0, 170.0]
[37.0, 534.0, 133.5, 190.0]
[35.0, 544.0, 136.0, 178.0]
[40.0, 548.0, 137.0, 188.0]
[35.0, 558.0, 139.5, 148.0]
[27.0, 496.0, 124.0, 152.0]
[33.0, 504.0, 126.0, 184.0]
[30.0, 502.0, 125.5, 176.0]
[38.0, 520.0, 130.0, 174.0]
[34.0, 514.0, 128.5, 164.0]
[40.0, 518.0, 129.5, 158.0]
[48.0, 470.0, 117.5, 184.0]
[31.0, 568.0, 142.0, 180.0]
[49.0, 614.0, 153.5, 196.0]
[38.0, 504.0, 126.0, 164.0]
[52.0, 588.0, 147.0, 212.0]
[31.0, 506.0, 126.5, 210.0]
[37.0, 500.0, 125.0, 142.0]
[30.0, 506.0, 126.5, 152.0]
[41.0, 592.0, 148.0, 168.0]
[42.0, 494.0, 123.5, 202.0]
[39.0, 564.0, 141.0, 166.0]
[36.0, 512.0, 128.0, 152.0]
[35.0, 516.0, 129.0, 178.0]
[32.0, 502.0, 125.5, 152.0]
[37.0, 548.0, 137.0, 168.0]
[36.0, 512.0, 128.0, 150.0]
[37.0, 556.0, 139.0, 152.0]
[52.0, 634.0, 158.5, 182.0]
[38.0, 546.0, 136.5, 174.0]
[21.0, 458.0, 114.5, 160.0]
[34.0, 466.0, 116.5, 144.0]
[36.0, 548.0, 137.0, 170.0]
[35.0, 508.0, 127.0, 156.0]
[37.0, 512.0, 128.0, 160.0]
[38.0, 584.0, 146.0, 206.0]
[40.0, 590.0, 147.5, 178.0]
[34.0, 478.0, 119.5, 186.0]
[36.0, 522.0, 130.5, 180.0]
[33.0, 500.0, 125.0, 154.0]
[34.0, 534.0, 133.5, 152.0]
[37.0, 540.0, 135.0, 212.0]
[40.0, 594.0, 148.5, 158.0]
[31.0, 488.0, 122.0, 150.0]
[42.0, 536.0, 134.0, 142.0]
[33.0, 464.0, 116.0, 144.0]
[41.0, 526.0, 131.5, 220.0]
[32.0, 520.0, 130.0, 180.0]
[52.0, 614.0, 153.5, 202.0]
[32.0, 528.0, 132.0, 192.0]
[35.0, 506.0, 126.5, 148.0]
[38.0, 558.0, 139.5, 154.0]
[40.0, 532.0, 133.0, 228.0]
[36.0, 564.0, 141.0, 170.0]
[35.0, 504.0, 126.0, 168.0]
[48.0, 578.0, 144.5, 204.0]
[37.0, 526.0, 131.5, 158.0]
[42.0, 560.0, 140.0, 202.0]
[40.0, 524.0, 131.0, 148.0]
[31.0, 468.0, 117.0, 150.0]
[32.0, 518.0, 129.5, 160.0]
[36.0, 498.0, 124.5, 156.0]
[40.0, 590.0, 147.5, 188.0]
[35.0, 536.0, 134.0, 178.0]
[41.0, 500.0, 125.0, 160.0]
[38.0, 576.0, 144.0, 176.0]
[40.0, 492.0, 123.0, 198.0]
[56.0, 644.0, 161.0, 230.0]
[37.0, 618.0, 154.5, 178.0]
[46.0, 568.0, 142.0, 200.0]
[41.0, 598.0, 149.5, 172.0]
[33.0, 498.0, 124.5, 144.0]
[49.0, 590.0, 147.5, 194.0]
[49.0, 640.0, 160.0, 202.0]
[37.0, 562.0, 140.5, 198.0]
[57.0, 604.0, 151.0, 202.0]
[47.0, 646.0, 161.5, 222.0]
[44.0, 578.0, 144.5, 178.0]
[47.0, 572.0, 143.0, 162.0]
[38.0, 542.0, 135.5, 160.0]
[35.0, 556.0, 139.0, 188.0]
[48.0, 592.0, 148.0, 214.0]
[36.0, 518.0, 129.5, 150.0]
[37.0, 524.0, 131.0, 162.0]
[54.0, 612.0, 153.0, 226.0]
[34.0, 520.0, 130.0, 166.0]
[35.0, 530.0, 132.5, 178.0]
[38.0, 460.0, 115.0, 184.0]
[50.0, 612.0, 153.0, 188.0]
[31.0, 516.0, 129.0, 190.0]
[33.0, 526.0, 131.5, 174.0]
[38.0, 514.0, 128.5, 174.0]
[48.0, 576.0, 144.0, 184.0]
[39.0, 556.0, 139.0, 176.0]
[43.0, 576.0, 144.0, 174.0]
[50.0, 570.0, 142.5, 218.0]
[32.0, 546.0, 136.5, 172.0]
[35.0, 582.0, 145.5, 180.0]
[39.0, 454.0, 113.5, 166.0]
[33.0, 504.0, 126.0, 174.0]
[53.0, 546.0, 136.5, 194.0]
[30.0, 540.0, 135.0, 152.0]
[37.0, 502.0, 125.5, 174.0]
[33.0, 490.0, 122.5, 174.0]
[32.0, 518.0, 129.5, 154.0]
[32.0, 512.0, 128.0, 158.0]
[49.0, 600.0, 150.0, 166.0]
[41.0, 564.0, 141.0, 210.0]
[38.0, 574.0, 143.5, 164.0]
[35.0, 488.0, 122.0, 176.0]
[37.0, 558.0, 139.5, 188.0]
[37.0, 522.0, 130.5, 172.0]
[46.0, 560.0, 140.0, 180.0]
[44.0, 576.0, 144.0, 178.0]
[36.0, 542.0, 135.5, 170.0]
[43.0, 578.0, 144.5, 204.0]
[33.0, 506.0, 126.5, 168.0]
[38.0, 546.0, 136.5, 158.0]
[37.0, 522.0, 130.5, 174.0]
[33.0, 550.0, 137.5, 164.0]
[50.0, 606.0, 151.5, 192.0]
[37.0, 492.0, 123.0, 152.0]
[39.0, 588.0, 147.0, 206.0]
[39.0, 534.0, 133.5, 156.0]
[34.0, 454.0, 113.5, 166.0]
[43.0, 468.0, 117.0, 174.0]
[38.0, 532.0, 133.0, 214.0]
[58.0, 610.0, 152.5, 234.0]
[52.0, 546.0, 136.5, 184.0]
[38.0, 554.0, 138.5, 174.0]
[45.0, 526.0, 131.5, 198.0]
[55.0, 614.0, 153.5, 198.0]
[35.0, 476.0, 119.0, 208.0]
[57.0, 602.0, 150.5, 232.0]
[41.0, 566.0, 141.5, 160.0]
[36.0, 518.0, 129.5, 190.0]
[41.0, 528.0, 132.0, 170.0]
[33.0, 568.0, 142.0, 152.0]
[58.0, 642.0, 160.5, 234.0]
[41.0, 556.0, 139.0, 200.0]
[38.0, 568.0, 142.0, 164.0]
[31.0, 486.0, 121.5, 160.0]
[41.0, 606.0, 151.5, 170.0]
[35.0, 532.0, 133.0, 162.0]
[37.0, 590.0, 147.5, 192.0]
[54.0, 602.0, 150.5, 196.0]
[48.0, 542.0, 135.5, 204.0]
[33.0, 492.0, 123.0, 182.0]
[31.0, 554.0, 138.5, 180.0]
[40.0, 518.0, 129.5, 158.0]
[36.0, 576.0, 144.0, 170.0]
[49.0, 590.0, 147.5, 176.0]
[39.0, 488.0, 122.0, 156.0]
[37.0, 570.0, 142.5, 180.0]
[37.0, 594.0, 148.5, 202.0]
[34.0, 538.0, 134.5, 154.0]
[35.0, 478.0, 119.5, 178.0]
[34.0, 534.0, 133.5, 138.0]
[38.0, 566.0, 141.5, 180.0]
[28.0, 402.0, 100.5, 154.0]
[41.0, 594.0, 148.5, 156.0]
[38.0, 582.0, 145.5, 208.0]
[45.0, 568.0, 142.0, 188.0]
[42.0, 584.0, 146.0, 176.0]
[33.0, 504.0, 126.0, 184.0]
[39.0, 568.0, 142.0, 176.0]
[44.0, 556.0, 139.0, 176.0]
[37.0, 548.0, 137.0, 172.0]
[60.0, 678.0, 169.5, 238.0]
[37.0, 492.0, 123.0, 162.0]
[37.0, 570.0, 142.5, 178.0]
[51.0, 578.0, 144.5, 182.0]
[38.0, 536.0, 134.0, 174.0]
[38.0, 536.0, 134.0, 174.0]
[32.0, 516.0, 129.0, 152.0]
[35.0, 496.0, 124.0, 158.0]
[27.0, 450.0, 112.5, 132.0]
[40.0, 520.0, 130.0, 228.0]
[33.0, 512.0, 128.0, 164.0]
[45.0, 554.0, 138.5, 188.0]
[31.0, 546.0, 136.5, 150.0]
[39.0, 548.0, 137.0, 194.0]
[49.0, 550.0, 137.5, 196.0]
[45.0, 646.0, 161.5, 188.0]
[39.0, 604.0, 151.0, 190.0]
[40.0, 522.0, 130.5, 178.0]
[36.0, 566.0, 141.5, 156.0]
[42.0, 558.0, 139.5, 152.0]
[40.0, 568.0, 142.0, 172.0]
[35.0, 570.0, 142.5, 174.0]
[36.0, 534.0, 133.5, 194.0]
[25.0, 504.0, 126.0, 156.0]
[45.0, 636.0, 159.0, 218.0]
[40.0, 620.0, 155.0, 178.0]
[40.0, 552.0, 138.0, 228.0]
[40.0, 534.0, 133.5, 168.0]
[57.0, 600.0, 150.0, 212.0]
[29.0, 474.0, 118.5, 162.0]
[32.0, 484.0, 121.0, 182.0]
[29.0, 440.0, 110.0, 166.0]
[33.0, 542.0, 135.5, 174.0]
[34.0, 530.0, 132.5, 204.0]
[51.0, 654.0, 163.5, 216.0]
[39.0, 560.0, 140.0, 154.0]
[48.0, 592.0, 148.0, 204.0]
[36.0, 528.0, 132.0, 174.0]
[48.0, 560.0, 140.0, 174.0]
[35.0, 454.0, 113.5, 138.0]
[42.0, 602.0, 150.5, 182.0]
[39.0, 568.0, 142.0, 224.0]
[51.0, 572.0, 143.0, 184.0]
[43.0, 512.0, 128.0, 154.0]
[39.0, 512.0, 128.0, 216.0]
[40.0, 612.0, 153.0, 168.0]
[30.0, 506.0, 126.5, 152.0]
[55.0, 558.0, 139.5, 188.0]
[52.0, 620.0, 155.0, 210.0]
[38.0, 602.0, 150.5, 172.0]
[26.0, 414.0, 103.5, 140.0]
[40.0, 574.0, 143.5, 176.0]
[36.0, 556.0, 139.0, 170.0]
[34.0, 572.0, 143.0, 174.0]
[38.0, 516.0, 129.0, 162.0]
[32.0, 510.0, 127.5, 192.0]
[43.0, 592.0, 148.0, 172.0]
[37.0, 588.0, 147.0, 174.0]
[51.0, 588.0, 147.0, 230.0]
[53.0, 596.0, 149.0, 214.0]
[58.0, 546.0, 136.5, 204.0]
[31.0, 504.0, 126.0, 150.0]
[52.0, 642.0, 160.5, 204.0]
[28.0, 460.0, 115.0, 184.0]
[33.0, 518.0, 129.5, 174.0]
[35.0, 554.0, 138.5, 208.0]
[38.0, 556.0, 139.0, 178.0]
[36.0, 562.0, 140.5, 180.0]
[36.0, 566.0, 141.5, 168.0]
[46.0, 638.0, 159.5, 178.0]
[51.0, 632.0, 158.0, 220.0]
[35.0, 542.0, 135.5, 178.0]
[38.0, 508.0, 127.0, 214.0]
[37.0, 518.0, 129.5, 158.0]
[30.0, 522.0, 130.5, 166.0]
[32.0, 530.0, 132.5, 188.0]
[48.0, 562.0, 140.5, 214.0]
[37.0, 598.0, 149.5, 192.0]
[31.0, 494.0, 123.5, 154.0]
[37.0, 552.0, 138.0, 166.0]
[37.0, 486.0, 121.5, 192.0]
[36.0, 520.0, 130.0, 210.0]
[36.0, 480.0, 120.0, 142.0]
[37.0, 556.0, 139.0, 182.0]
[34.0, 548.0, 137.0, 146.0]
[33.0, 472.0, 118.0, 164.0]
[44.0, 602.0, 150.5, 166.0]
[34.0, 480.0, 120.0, 160.0]
[36.0, 562.0, 140.5, 170.0]
[37.0, 588.0, 147.0, 178.0]
[39.0, 560.0, 140.0, 166.0]
[39.0, 512.0, 128.0, 186.0]
[37.0, 580.0, 145.0, 192.0]
[33.0, 540.0, 135.0, 164.0]
[40.0, 590.0, 147.5, 198.0]
[31.0, 520.0, 130.0, 180.0]
[55.0, 622.0, 155.5, 170.0]
[38.0, 584.0, 146.0, 184.0]
[33.0, 476.0, 119.0, 154.0]
[51.0, 630.0, 157.5, 204.0]
[27.0, 482.0, 120.5, 162.0]
[34.0, 562.0, 140.5, 166.0]
[52.0, 544.0, 136.0, 192.0]
[44.0, 578.0, 144.5, 206.0]
[55.0, 490.0, 122.5, 248.0]
[41.0, 558.0, 139.5, 176.0]
[32.0, 444.0, 111.0, 132.0]
[38.0, 538.0, 134.5, 194.0]
[34.0, 532.0, 133.0, 176.0]
[33.0, 544.0, 136.0, 154.0]
[33.0, 452.0, 113.0, 144.0]
[35.0, 504.0, 126.0, 168.0]
[40.0, 614.0, 153.5, 182.0]
[28.0, 474.0, 118.5, 174.0]
[50.0, 554.0, 138.5, 178.0]
[41.0, 570.0, 142.5, 184.0]
[34.0, 492.0, 123.0, 184.0]
[43.0, 554.0, 138.5, 178.0]
[44.0, 488.0, 122.0, 186.0]
[33.0, 472.0, 118.0, 194.0]
[46.0, 604.0, 151.0, 202.0]
[41.0, 558.0, 139.5, 160.0]
[36.0, 536.0, 134.0, 200.0]
[42.0, 520.0, 130.0, 212.0]
[38.0, 566.0, 141.5, 172.0]
[44.0, 482.0, 120.5, 196.0]
[38.0, 524.0, 131.0, 162.0]
[57.0, 506.0, 126.5, 202.0]
[32.0, 494.0, 123.5, 182.0]
[31.0, 526.0, 131.5, 170.0]
[57.0, 596.0, 149.0, 222.0]
[28.0, 478.0, 119.5, 146.0]
[39.0, 528.0, 132.0, 176.0]
[36.0, 474.0, 118.5, 180.0]
[32.0, 504.0, 126.0, 172.0]
[39.0, 556.0, 139.0, 186.0]
[40.0, 598.0, 149.5, 198.0]
[38.0, 514.0, 128.5, 164.0]
[35.0, 550.0, 137.5, 168.0]
[34.0, 570.0, 142.5, 186.0]
[41.0, 554.0, 138.5, 190.0]
[37.0, 616.0, 154.0, 172.0]
[32.0, 494.0, 123.5, 156.0]
[36.0, 514.0, 128.5, 200.0]
[37.0, 518.0, 129.5, 162.0]
[39.0, 522.0, 130.5, 172.0]
[32.0, 542.0, 135.5, 162.0]
[38.0, 556.0, 139.0, 194.0]
[37.0, 546.0, 136.5, 154.0]
[38.0, 546.0, 136.5, 178.0]
[32.0, 446.0, 111.5, 182.0]
[34.0, 528.0, 132.0, 156.0]
[38.0, 522.0, 130.5, 214.0]
[33.0, 456.0, 114.0, 154.0]
[47.0, 586.0, 146.5, 172.0]
[54.0, 590.0, 147.5, 206.0]
[32.0, 536.0, 134.0, 182.0]
[41.0, 550.0, 137.5, 180.0]
[33.0, 568.0, 142.0, 168.0]
[38.0, 516.0, 129.0, 164.0]
[26.0, 502.0, 125.5, 150.0]
[47.0, 568.0, 142.0, 176.0]
[37.0, 550.0, 137.5, 178.0]
[35.0, 504.0, 126.0, 170.0]
[38.0, 596.0, 149.0, 164.0]
[37.0, 512.0, 128.0, 142.0]
[39.0, 530.0, 132.5, 186.0]
[28.0, 466.0, 116.5, 162.0]
[32.0, 520.0, 130.0, 172.0]
[49.0, 562.0, 140.5, 176.0]
[41.0, 526.0, 131.5, 156.0]
[36.0, 516.0, 129.0, 210.0]
[33.0, 562.0, 140.5, 148.0]
[39.0, 524.0, 131.0, 196.0]
[34.0, 556.0, 139.0, 166.0]
[46.0, 542.0, 135.5, 180.0]
[46.0, 538.0, 134.5, 170.0]
[31.0, 490.0, 122.5, 210.0]
[40.0, 506.0, 126.5, 162.0]
[41.0, 572.0, 143.0, 170.0]
[34.0, 574.0, 143.5, 172.0]
[51.0, 592.0, 148.0, 178.0]
[35.0, 486.0, 121.5, 138.0]
[41.0, 528.0, 132.0, 172.0]
[39.0, 530.0, 132.5, 180.0]
[33.0, 500.0, 125.0, 182.0]
[38.0, 494.0, 123.5, 184.0]
[37.0, 534.0, 133.5, 152.0]
[39.0, 520.0, 130.0, 166.0]
[48.0, 518.0, 129.5, 192.0]
[34.0, 500.0, 125.0, 186.0]
[39.0, 548.0, 137.0, 196.0]
[39.0, 540.0, 135.0, 176.0]
[37.0, 598.0, 149.5, 182.0]
[37.0, 520.0, 130.0, 160.0]
[52.0, 648.0, 162.0, 192.0]
[43.0, 592.0, 148.0, 174.0]
[38.0, 396.0, 99.0, 244.0]
[32.0, 536.0, 134.0, 142.0]
[28.0, 520.0, 130.0, 146.0]
[52.0, 610.0, 152.5, 202.0]
[43.0, 620.0, 155.0, 174.0]
[32.0, 530.0, 132.5, 178.0]
[47.0, 634.0, 158.5, 232.0]
[49.0, 454.0, 113.5, 196.0]
[33.0, 560.0, 140.0, 164.0]
[37.0, 508.0, 127.0, 180.0]
[35.0, 546.0, 136.5, 168.0]
[55.0, 566.0, 141.5, 228.0]
[35.0, 454.0, 113.5, 152.0]
[32.0, 486.0, 121.5, 142.0]
[48.0, 558.0, 139.5, 204.0]
[48.0, 638.0, 159.5, 198.0]
[27.0, 462.0, 115.5, 132.0]
[42.0, 610.0, 152.5, 186.0]
[36.0, 550.0, 137.5, 160.0]
[41.0, 592.0, 148.0, 200.0]
[33.0, 524.0, 131.0, 164.0]
[41.0, 598.0, 149.5, 218.0]
[51.0, 606.0, 151.5, 200.0]
[34.0, 502.0, 125.5, 154.0]
[33.0, 502.0, 125.5, 148.0]
[31.0, 416.0, 104.0, 172.0]
[56.0, 630.0, 157.5, 230.0]
[49.0, 556.0, 139.0, 186.0]
[43.0, 608.0, 152.0, 166.0]
[49.0, 648.0, 162.0, 206.0]
[30.0, 488.0, 122.0, 138.0]
[47.0, 520.0, 130.0, 212.0]
[28.0, 550.0, 137.5, 184.0]
[38.0, 548.0, 137.0, 180.0]
[36.0, 516.0, 129.0, 192.0]
[37.0, 466.0, 116.5, 202.0]
[41.0, 584.0, 146.0, 220.0]
[36.0, 524.0, 131.0, 200.0]
[51.0, 500.0, 125.0, 200.0]
[39.0, 516.0, 129.0, 216.0]
[51.0, 582.0, 145.5, 200.0]
[29.0, 518.0, 129.5, 168.0]
[31.0, 492.0, 123.0, 160.0]
[27.0, 492.0, 123.0, 144.0]
[33.0, 534.0, 133.5, 162.0]
[33.0, 490.0, 122.5, 184.0]
[50.0, 542.0, 135.5, 162.0]
[30.0, 494.0, 123.5, 168.0]
[33.0, 472.0, 118.0, 204.0]
[35.0, 598.0, 149.5, 170.0]
[30.0, 486.0, 121.5, 186.0]
[32.0, 546.0, 136.5, 162.0]
[38.0, 548.0, 137.0, 170.0]
[37.0, 494.0, 123.5, 172.0]
[42.0, 610.0, 152.5, 172.0]
[42.0, 626.0, 156.5, 172.0]
[32.0, 500.0, 125.0, 202.0]
[41.0, 536.0, 134.0, 200.0]
[28.0, 474.0, 118.5, 142.0]
[47.0, 554.0, 138.5, 192.0]
[40.0, 616.0, 154.0, 198.0]
[43.0, 582.0, 145.5, 190.0]
[38.0, 602.0, 150.5, 166.0]
[39.0, 520.0, 130.0, 176.0]
[44.0, 592.0, 148.0, 176.0]
[50.0, 586.0, 146.5, 198.0]
[55.0, 604.0, 151.0, 228.0]
[38.0, 534.0, 133.5, 180.0]
[44.0, 544.0, 136.0, 156.0]
[40.0, 530.0, 132.5, 178.0]
[37.0, 514.0, 128.5, 242.0]
[31.0, 468.0, 117.0, 140.0]
[28.0, 458.0, 114.5, 174.0]
[54.0, 548.0, 137.0, 234.0]
[38.0, 520.0, 130.0, 172.0]
[34.0, 500.0, 125.0, 166.0]
[45.0, 474.0, 118.5, 228.0]
[42.0, 586.0, 146.5, 184.0]
[37.0, 488.0, 122.0, 142.0]
[32.0, 532.0, 133.0, 162.0]
[35.0, 532.0, 133.0, 184.0]
[40.0, 550.0, 137.5, 162.0]
[34.0, 526.0, 131.5, 176.0]
[39.0, 568.0, 142.0, 182.0]
[27.0, 486.0, 121.5, 132.0]
[50.0, 560.0, 140.0, 188.0]
[37.0, 532.0, 133.0, 192.0]
[34.0, 500.0, 125.0, 176.0]
[23.0, 494.0, 123.5, 190.0]
[38.0, 552.0, 138.0, 174.0]
[44.0, 572.0, 143.0, 190.0]
[47.0, 584.0, 146.0, 182.0]
[47.0, 558.0, 139.5, 192.0]
[60.0, 580.0, 145.0, 248.0]
[29.0, 524.0, 131.0, 166.0]
[44.0, 452.0, 113.0, 216.0]
[41.0, 492.0, 123.0, 190.0]
[39.0, 524.0, 131.0, 196.0]
[46.0, 524.0, 131.0, 190.0]
[38.0, 520.0, 130.0, 174.0]
[40.0, 578.0, 144.5, 158.0]
[46.0, 626.0, 156.5, 186.0]
[37.0, 532.0, 133.0, 182.0]
[35.0, 566.0, 141.5, 178.0]
[34.0, 576.0, 144.0, 154.0]
[39.0, 572.0, 143.0, 176.0]
[44.0, 514.0, 128.5, 216.0]
[36.0, 514.0, 128.5, 162.0]
[34.0, 558.0, 139.5, 188.0]
[35.0, 520.0, 130.0, 148.0]
[30.0, 464.0, 116.0, 168.0]
[36.0, 532.0, 133.0, 170.0]
[51.0, 554.0, 138.5, 192.0]
[43.0, 574.0, 143.5, 214.0]
[30.0, 518.0, 129.5, 158.0]
[39.0, 612.0, 153.0, 186.0]
[40.0, 552.0, 138.0, 168.0]
[35.0, 524.0, 131.0, 178.0]
[27.0, 446.0, 111.5, 132.0]
[50.0, 584.0, 146.0, 218.0]
[38.0, 490.0, 122.5, 164.0]
[40.0, 570.0, 142.5, 178.0]
[36.0, 548.0, 137.0, 166.0]
[36.0, 522.0, 130.5, 210.0]
[34.0, 556.0, 139.0, 160.0]
[38.0, 568.0, 142.0, 176.0]
[33.0, 582.0, 145.5, 168.0]
[53.0, 614.0, 153.5, 214.0]
[41.0, 506.0, 126.5, 160.0]
[33.0, 440.0, 110.0, 174.0]
[42.0, 554.0, 138.5, 192.0]
[36.0, 568.0, 142.0, 150.0]
[35.0, 498.0, 124.5, 174.0]
[37.0, 554.0, 138.5, 164.0]
[39.0, 540.0, 135.0, 196.0]
[37.0, 522.0, 130.5, 172.0]
[35.0, 510.0, 127.5, 158.0]
[23.0, 430.0, 107.5, 154.0]
[33.0, 508.0, 127.0, 154.0]
[34.0, 470.0, 117.5, 150.0]
[41.0, 552.0, 138.0, 160.0]
[36.0, 558.0, 139.5, 172.0]
[29.0, 506.0, 126.5, 138.0]
[51.0, 600.0, 150.0, 200.0]
[33.0, 544.0, 136.0, 174.0]
[44.0, 532.0, 133.0, 166.0]
[41.0, 516.0, 129.0, 154.0]
[41.0, 596.0, 149.0, 170.0]
[26.0, 460.0, 115.0, 150.0]
[32.0, 476.0, 119.0, 174.0]
[43.0, 594.0, 148.5, 174.0]
[39.0, 482.0, 120.5, 246.0]
[37.0, 532.0, 133.0, 172.0]
[38.0, 532.0, 133.0, 174.0]
[31.0, 568.0, 142.0, 160.0]
[43.0, 620.0, 155.0, 218.0]
[37.0, 518.0, 129.5, 202.0]
[38.0, 468.0, 117.0, 194.0]
[38.0, 554.0, 138.5, 194.0]
[57.0, 608.0, 152.0, 212.0]
[41.0, 520.0, 130.0, 190.0]
[34.0, 446.0, 111.5, 186.0]
[51.0, 566.0, 141.5, 210.0]
[36.0, 542.0, 135.5, 170.0]
[35.0, 474.0, 118.5, 148.0]
[38.0, 504.0, 126.0, 174.0]
[52.0, 590.0, 147.5, 192.0]
[34.0, 550.0, 137.5, 216.0]
[47.0, 614.0, 153.5, 172.0]
[35.0, 496.0, 124.0, 148.0]
[25.0, 494.0, 123.5, 148.0]
[31.0, 490.0, 122.5, 170.0]
[36.0, 542.0, 135.5, 174.0]
[37.0, 540.0, 135.0, 182.0]
[38.0, 536.0, 134.0, 174.0]
[33.0, 546.0, 136.5, 154.0]
[40.0, 562.0, 140.5, 198.0]
[39.0, 552.0, 138.0, 166.0]
[42.0, 594.0, 148.5, 202.0]
[41.0, 546.0, 136.5, 154.0]
[38.0, 570.0, 142.5, 164.0]
[45.0, 574.0, 143.5, 228.0]
[44.0, 562.0, 140.5, 186.0]
[38.0, 554.0, 138.5, 184.0]
[31.0, 472.0, 118.0, 168.0]
[44.0, 578.0, 144.5, 196.0]
[33.0, 522.0, 130.5, 162.0]
[28.0, 432.0, 108.0, 144.0]
[40.0, 534.0, 133.5, 196.0]
[37.0, 478.0, 119.5, 186.0]
[38.0, 556.0, 139.0, 180.0]
[59.0, 592.0, 148.0, 216.0]
[41.0, 538.0, 134.5, 170.0]
[53.0, 574.0, 143.5, 194.0]
[31.0, 432.0, 108.0, 150.0]
[49.0, 606.0, 151.5, 216.0]
[34.0, 526.0, 131.5, 146.0]
[44.0, 568.0, 142.0, 196.0]
[39.0, 508.0, 127.0, 172.0]
[34.0, 532.0, 133.0, 164.0]
[35.0, 526.0, 131.5, 190.0]
[35.0, 458.0, 114.5, 158.0]
[30.0, 500.0, 125.0, 140.0]
[43.0, 570.0, 142.5, 164.0]
[39.0, 554.0, 138.5, 166.0]
[36.0, 554.0, 138.5, 190.0]
[51.0, 574.0, 143.5, 220.0]
[55.0, 620.0, 155.0, 188.0]
[57.0, 568.0, 142.0, 212.0]
[41.0, 554.0, 138.5, 170.0]
[35.0, 430.0, 107.5, 158.0]
[41.0, 504.0, 126.0, 200.0]
[34.0, 502.0, 125.5, 166.0]
[39.0, 506.0, 126.5, 176.0]
[57.0, 554.0, 138.5, 222.0]
[40.0, 526.0, 131.5, 208.0]
[35.0, 580.0, 145.0, 164.0]
[44.0, 604.0, 151.0, 196.0]
[39.0, 586.0, 146.5, 186.0]
[33.0, 564.0, 141.0, 168.0]
[30.0, 518.0, 129.5, 146.0]
[28.0, 476.0, 119.0, 132.0]
[44.0, 490.0, 122.5, 186.0]
[38.0, 522.0, 130.5, 204.0]
[34.0, 478.0, 119.5, 156.0]
[28.0, 458.0, 114.5, 136.0]
[47.0, 628.0, 157.0, 190.0]
[35.0, 540.0, 135.0, 144.0]
[33.0, 532.0, 133.0, 168.0]
[36.0, 540.0, 135.0, 190.0]
[25.0, 480.0, 120.0, 158.0]
[45.0, 570.0, 142.5, 168.0]
[33.0, 534.0, 133.5, 174.0]
[31.0, 522.0, 130.5, 180.0]
[32.0, 484.0, 121.0, 132.0]
[39.0, 524.0, 131.0, 156.0]
[56.0, 682.0, 170.5, 182.0]
[41.0, 506.0, 126.5, 210.0]
[41.0, 560.0, 140.0, 180.0]
[32.0, 474.0, 118.5, 192.0]
[33.0, 566.0, 141.5, 184.0]
[40.0, 566.0, 141.5, 188.0]
[43.0, 514.0, 128.5, 174.0]
[30.0, 514.0, 128.5, 178.0]
[27.0, 466.0, 116.5, 132.0]
[45.0, 624.0, 156.0, 178.0]
[38.0, 592.0, 148.0, 164.0]
[33.0, 572.0, 143.0, 152.0]
[38.0, 556.0, 139.0, 214.0]
[39.0, 492.0, 123.0, 156.0]
[45.0, 568.0, 142.0, 168.0]
[34.0, 514.0, 128.5, 162.0]
[45.0, 636.0, 159.0, 228.0]
[35.0, 564.0, 141.0, 194.0]
[33.0, 462.0, 115.5, 154.0]
[37.0, 586.0, 146.5, 182.0]
[33.0, 532.0, 133.0, 144.0]
[51.0, 622.0, 155.5, 220.0]
[47.0, 588.0, 147.0, 206.0]
[24.0, 476.0, 119.0, 166.0]
[35.0, 488.0, 122.0, 180.0]
[43.0, 592.0, 148.0, 192.0]
[37.0, 558.0, 139.5, 192.0]
[33.0, 508.0, 127.0, 172.0]
[42.0, 592.0, 148.0, 192.0]
[47.0, 542.0, 135.5, 152.0]
[54.0, 498.0, 124.5, 186.0]
[31.0, 518.0, 129.5, 168.0]
[29.0, 504.0, 126.0, 186.0]
[38.0, 604.0, 151.0, 180.0]
[49.0, 602.0, 150.5, 170.0]
[48.0, 626.0, 156.5, 172.0]
[38.0, 554.0, 138.5, 190.0]
[38.0, 478.0, 119.5, 164.0]
[33.0, 562.0, 140.5, 174.0]
[39.0, 538.0, 134.5, 158.0]
[37.0, 538.0, 134.5, 154.0]
[23.0, 438.0, 109.5, 114.0]
[53.0, 640.0, 160.0, 204.0]
[37.0, 518.0, 129.5, 182.0]
[36.0, 552.0, 138.0, 180.0]
[38.0, 576.0, 144.0, 172.0]
[37.0, 490.0, 122.5, 152.0]
[33.0, 536.0, 134.0, 190.0]
[35.0, 530.0, 132.5, 160.0]
[55.0, 580.0, 145.0, 208.0]
[37.0, 626.0, 156.5, 182.0]
[38.0, 504.0, 126.0, 164.0]
[34.0, 484.0, 121.0, 166.0]
[31.0, 510.0, 127.5, 160.0]
[48.0, 530.0, 132.5, 194.0]
[48.0, 602.0, 150.5, 214.0]
[58.0, 444.0, 111.0, 254.0]
[40.0, 532.0, 133.0, 188.0]
[38.0, 508.0, 127.0, 144.0]
[35.0, 474.0, 118.5, 188.0]
[43.0, 546.0, 136.5, 224.0]
[40.0, 556.0, 139.0, 168.0]
[38.0, 560.0, 140.0, 162.0]
[41.0, 546.0, 136.5, 150.0]
[32.0, 486.0, 121.5, 162.0]
[43.0, 522.0, 130.5, 224.0]
[48.0, 606.0, 151.5, 194.0]
[52.0, 574.0, 143.5, 222.0]
[32.0, 494.0, 123.5, 142.0]
[39.0, 568.0, 142.0, 166.0]
[30.0, 492.0, 123.0, 178.0]
[42.0, 568.0, 142.0, 162.0]
[53.0, 548.0, 137.0, 184.0]
[38.0, 520.0, 130.0, 184.0]
[34.0, 504.0, 126.0, 156.0]
[26.0, 438.0, 109.5, 126.0]
[36.0, 496.0, 124.0, 200.0]
[34.0, 522.0, 130.5, 176.0]
[36.0, 540.0, 135.0, 172.0]
[53.0, 548.0, 137.0, 224.0]
[39.0, 536.0, 134.0, 196.0]
[45.0, 540.0, 135.0, 178.0]
[35.0, 524.0, 131.0, 178.0]
[38.0, 542.0, 135.5, 154.0]
[44.0, 598.0, 149.5, 196.0]
[33.0, 496.0, 124.0, 154.0]
[38.0, 550.0, 137.5, 164.0]
[57.0, 606.0, 151.5, 212.0]
[27.0, 500.0, 125.0, 152.0]
[40.0, 588.0, 147.0, 198.0]
[34.0, 468.0, 117.0, 166.0]
[32.0, 518.0, 129.5, 162.0]
[35.0, 570.0, 142.5, 178.0]
[53.0, 546.0, 136.5, 204.0]
[40.0, 460.0, 115.0, 178.0]
[39.0, 518.0, 129.5, 168.0]
[38.0, 534.0, 133.5, 184.0]
[32.0, 508.0, 127.0, 180.0]
[32.0, 476.0, 119.0, 162.0]
[38.0, 512.0, 128.0, 166.0]
[43.0, 560.0, 140.0, 174.0]
[39.0, 580.0, 145.0, 182.0]
[36.0, 560.0, 140.0, 200.0]
[37.0, 522.0, 130.5, 158.0]
[40.0, 482.0, 120.5, 188.0]
[39.0, 530.0, 132.5, 156.0]
[34.0, 542.0, 135.5, 180.0]
[33.0, 518.0, 129.5, 174.0]
[37.0, 482.0, 120.5, 202.0]
[38.0, 524.0, 131.0, 158.0]
[35.0, 558.0, 139.5, 156.0]
[35.0, 552.0, 138.0, 178.0]
[53.0, 562.0, 140.5, 194.0]
[36.0, 580.0, 145.0, 170.0]
[51.0, 596.0, 149.0, 190.0]
[37.0, 564.0, 141.0, 160.0]
[25.0, 498.0, 124.5, 168.0]
[44.0, 552.0, 138.0, 176.0]
[38.0, 448.0, 112.0, 154.0]
[52.0, 680.0, 170.0, 222.0]
[38.0, 588.0, 147.0, 194.0]
[30.0, 542.0, 135.5, 158.0]
[29.0, 478.0, 119.5, 166.0]
[34.0, 548.0, 137.0, 186.0]
[39.0, 560.0, 140.0, 170.0]
[24.0, 456.0, 114.0, 148.0]
[50.0, 552.0, 138.0, 198.0]
[38.0, 564.0, 141.0, 204.0]
[37.0, 572.0, 143.0, 172.0]
[35.0, 474.0, 118.5, 168.0]
[38.0, 560.0, 140.0, 208.0]
[36.0, 546.0, 136.5, 192.0]
[46.0, 598.0, 149.5, 210.0]
[30.0, 496.0, 124.0, 140.0]
[37.0, 524.0, 131.0, 222.0]
[32.0, 548.0, 137.0, 162.0]
[43.0, 584.0, 146.0, 194.0]
[39.0, 502.0, 125.5, 156.0]
[33.0, 526.0, 131.5, 214.0]
[35.0, 546.0, 136.5, 168.0]
[29.0, 470.0, 117.5, 146.0]
[32.0, 512.0, 128.0, 162.0]
[41.0, 494.0, 123.5, 150.0]
[34.0, 528.0, 132.0, 162.0]
[40.0, 554.0, 138.5, 158.0]
[36.0, 572.0, 143.0, 200.0]
[36.0, 494.0, 123.5, 170.0]
[46.0, 530.0, 132.5, 180.0]
[57.0, 510.0, 127.5, 242.0]
[50.0, 564.0, 141.0, 218.0]
[32.0, 550.0, 137.5, 162.0]
[50.0, 610.0, 152.5, 166.0]
[44.0, 562.0, 140.5, 206.0]
[40.0, 520.0, 130.0, 182.0]
[45.0, 604.0, 151.0, 168.0]
[39.0, 500.0, 125.0, 172.0]
[43.0, 554.0, 138.5, 154.0]
[46.0, 520.0, 130.0, 200.0]
[39.0, 550.0, 137.5, 176.0]
[39.0, 514.0, 128.5, 156.0]
[35.0, 552.0, 138.0, 178.0]
[26.0, 476.0, 119.0, 150.0]
[31.0, 464.0, 116.0, 154.0]
[33.0, 466.0, 116.5, 200.0]
[31.0, 506.0, 126.5, 170.0]
[40.0, 552.0, 138.0, 188.0]
[49.0, 560.0, 140.0, 206.0]
[39.0, 544.0, 136.0, 210.0]
[37.0, 570.0, 142.5, 152.0]
[53.0, 566.0, 141.5, 194.0]
[34.0, 542.0, 135.5, 150.0]
[29.0, 472.0, 118.0, 156.0]
[39.0, 568.0, 142.0, 196.0]
[41.0, 534.0, 133.5, 180.0]
[34.0, 530.0, 132.5, 156.0]
[41.0, 540.0, 135.0, 170.0]
[35.0, 550.0, 137.5, 158.0]
[30.0, 454.0, 113.5, 178.0]
[35.0, 524.0, 131.0, 160.0]
[44.0, 572.0, 143.0, 190.0]
[40.0, 542.0, 135.5, 158.0]
[39.0, 450.0, 112.5, 164.0]
[66.0, 590.0, 147.5, 230.0]
[43.0, 510.0, 127.5, 184.0]
[35.0, 508.0, 127.0, 158.0]
[59.0, 604.0, 151.0, 226.0]
[41.0, 574.0, 143.5, 194.0]
[32.0, 518.0, 129.5, 166.0]
[32.0, 540.0, 135.0, 152.0]
[29.0, 450.0, 112.5, 156.0]
[43.0, 572.0, 143.0, 150.0]
[48.0, 540.0, 135.0, 204.0]
[41.0, 506.0, 126.5, 158.0]
[37.0, 542.0, 135.5, 172.0]
[65.0, 586.0, 146.5, 248.0]
[48.0, 556.0, 139.0, 184.0]
[30.0, 468.0, 117.0, 178.0]
[45.0, 600.0, 150.0, 178.0]
[36.0, 574.0, 143.5, 190.0]
[47.0, 630.0, 157.5, 192.0]
[40.0, 494.0, 123.5, 168.0]
[26.0, 502.0, 125.5, 150.0]
[33.0, 476.0, 119.0, 148.0]
[40.0, 502.0, 125.5, 178.0]
[40.0, 508.0, 127.0, 168.0]
[43.0, 528.0, 132.0, 204.0]
[49.0, 558.0, 139.5, 186.0]
[44.0, 638.0, 159.5, 196.0]
[49.0, 548.0, 137.0, 196.0]
[38.0, 576.0, 144.0, 174.0]
[33.0, 540.0, 135.0, 184.0]
[35.0, 536.0, 134.0, 160.0]
[45.0, 550.0, 137.5, 178.0]
[32.0, 496.0, 124.0, 200.0]
[38.0, 590.0, 147.5, 184.0]
[57.0, 564.0, 141.0, 192.0]
[42.0, 574.0, 143.5, 178.0]
[38.0, 506.0, 126.5, 194.0]
[39.0, 558.0, 139.5, 170.0]
[37.0, 540.0, 135.0, 168.0]
[58.0, 572.0, 143.0, 234.0]
[48.0, 566.0, 141.5, 162.0]
[36.0, 546.0, 136.5, 160.0]
[47.0, 556.0, 139.0, 182.0]
[32.0, 546.0, 136.5, 168.0]
[34.0, 526.0, 131.5, 166.0]
[34.0, 502.0, 125.5, 150.0]
[31.0, 490.0, 122.5, 190.0]
[48.0, 606.0, 151.5, 214.0]
[36.0, 550.0, 137.5, 154.0]
[31.0, 538.0, 134.5, 144.0]
[40.0, 566.0, 141.5, 168.0]
[34.0, 496.0, 124.0, 174.0]
[36.0, 558.0, 139.5, 180.0]
[35.0, 502.0, 125.5, 188.0]
[36.0, 506.0, 126.5, 160.0]
[36.0, 590.0, 147.5, 168.0]
[40.0, 572.0, 143.0, 218.0]
[43.0, 518.0, 129.5, 154.0]
[40.0, 522.0, 130.5, 216.0]
[36.0, 578.0, 144.5, 170.0]
[33.0, 518.0, 129.5, 174.0]
[32.0, 510.0, 127.5, 202.0]
[32.0, 606.0, 151.5, 162.0]
[56.0, 586.0, 146.5, 240.0]
[54.0, 572.0, 143.0, 192.0]
[45.0, 518.0, 129.5, 168.0]
[33.0, 498.0, 124.5, 140.0]
[37.0, 498.0, 124.5, 192.0]
[39.0, 558.0, 139.5, 164.0]
[35.0, 534.0, 133.5, 168.0]
[25.0, 486.0, 121.5, 144.0]
[52.0, 598.0, 149.5, 212.0]
[39.0, 420.0, 105.0, 206.0]
[52.0, 548.0, 137.0, 202.0]
[35.0, 550.0, 137.5, 168.0]
[45.0, 532.0, 133.0, 198.0]
[35.0, 530.0, 132.5, 178.0]
[31.0, 470.0, 117.5, 158.0]
[47.0, 594.0, 148.5, 182.0]
[34.0, 542.0, 135.5, 212.0]
[41.0, 546.0, 136.5, 172.0]
[50.0, 612.0, 153.0, 198.0]
[35.0, 486.0, 121.5, 188.0]
[41.0, 496.0, 124.0, 160.0]
[38.0, 554.0, 138.5, 184.0]
[37.0, 582.0, 145.5, 178.0]
[37.0, 570.0, 142.5, 166.0]
[37.0, 538.0, 134.5, 166.0]
[40.0, 546.0, 136.5, 178.0]
[35.0, 506.0, 126.5, 160.0]
[39.0, 556.0, 139.0, 166.0]
[33.0, 514.0, 128.5, 164.0]
[40.0, 602.0, 150.5, 160.0]
[51.0, 610.0, 152.5, 200.0]
[36.0, 450.0, 112.5, 138.0]
[41.0, 504.0, 126.0, 210.0]
[39.0, 498.0, 124.5, 186.0]
[25.0, 490.0, 122.5, 150.0]
[34.0, 472.0, 118.0, 146.0]
[35.0, 492.0, 123.0, 168.0]
[51.0, 562.0, 140.5, 200.0]
[34.0, 576.0, 144.0, 156.0]
[46.0, 544.0, 136.0, 200.0]
[41.0, 506.0, 126.5, 220.0]
[26.0, 426.0, 106.5, 130.0]
[45.0, 608.0, 152.0, 198.0]
[35.0, 508.0, 127.0, 158.0]
[42.0, 598.0, 149.5, 196.0]
[48.0, 582.0, 145.5, 184.0]
[35.0, 512.0, 128.0, 170.0]
[38.0, 570.0, 142.5, 174.0]
[37.0, 510.0, 127.5, 202.0]
[51.0, 616.0, 154.0, 216.0]
[29.0, 464.0, 116.0, 186.0]
[39.0, 528.0, 132.0, 176.0]
[33.0, 448.0, 112.0, 156.0]
[39.0, 532.0, 133.0, 176.0]
[38.0, 562.0, 140.5, 164.0]
[40.0, 578.0, 144.5, 162.0]
[38.0, 570.0, 142.5, 154.0]
[36.0, 598.0, 149.5, 180.0]
[41.0, 564.0, 141.0, 162.0]
[36.0, 522.0, 130.5, 170.0]
[45.0, 562.0, 140.5, 158.0]
[31.0, 502.0, 125.5, 180.0]
[41.0, 478.0, 119.5, 200.0]
[36.0, 498.0, 124.5, 180.0]
[31.0, 444.0, 111.0, 140.0]
[34.0, 498.0, 124.5, 156.0]
[41.0, 544.0, 136.0, 170.0]
[31.0, 528.0, 132.0, 148.0]
[40.0, 524.0, 131.0, 198.0]
[40.0, 524.0, 131.0, 196.0]
[34.0, 472.0, 118.0, 148.0]
[38.0, 504.0, 126.0, 164.0]
[34.0, 498.0, 124.5, 186.0]
[30.0, 444.0, 111.0, 158.0]
[33.0, 564.0, 141.0, 164.0]
[33.0, 514.0, 128.5, 154.0]
[43.0, 508.0, 127.0, 204.0]
[43.0, 604.0, 151.0, 204.0]
[44.0, 490.0, 122.5, 226.0]
[41.0, 536.0, 134.0, 194.0]
[38.0, 536.0, 134.0, 174.0]
[33.0, 484.0, 121.0, 144.0]
[41.0, 520.0, 130.0, 200.0]
[31.0, 506.0, 126.5, 178.0]
[56.0, 570.0, 142.5, 230.0]
[29.0, 520.0, 130.0, 146.0]
[39.0, 504.0, 126.0, 186.0]
[32.0, 486.0, 121.5, 162.0]
[39.0, 546.0, 136.5, 182.0]
[42.0, 566.0, 141.5, 192.0]
[47.0, 588.0, 147.0, 192.0]
[37.0, 520.0, 130.0, 176.0]
[52.0, 528.0, 132.0, 252.0]
[36.0, 562.0, 140.5, 186.0]
[47.0, 562.0, 140.5, 182.0]
[40.0, 534.0, 133.5, 168.0]
[41.0, 584.0, 146.0, 200.0]
[34.0, 524.0, 131.0, 146.0]
[37.0, 556.0, 139.0, 182.0]
[37.0, 572.0, 143.0, 164.0]
[38.0, 570.0, 142.5, 194.0]
[59.0, 570.0, 142.5, 186.0]
[34.0, 520.0, 130.0, 156.0]
[37.0, 560.0, 140.0, 212.0]
[32.0, 550.0, 137.5, 172.0]
[56.0, 682.0, 170.5, 220.0]
[47.0, 580.0, 145.0, 172.0]
[42.0, 500.0, 125.0, 172.0]
[35.0, 556.0, 139.0, 198.0]
[39.0, 580.0, 145.0, 186.0]
[41.0, 566.0, 141.5, 180.0]
[35.0, 550.0, 137.5, 168.0]
[39.0, 476.0, 119.0, 196.0]
[30.0, 492.0, 123.0, 178.0]
[30.0, 462.0, 115.5, 198.0]
[31.0, 520.0, 130.0, 154.0]
[36.0, 602.0, 150.5, 182.0]
[34.0, 544.0, 136.0, 166.0]
[31.0, 526.0, 131.5, 156.0]
[40.0, 502.0, 125.5, 188.0]
[40.0, 598.0, 149.5, 192.0]
[43.0, 540.0, 135.0, 174.0]
[45.0, 596.0, 149.0, 208.0]
[39.0, 574.0, 143.5, 152.0]
[38.0, 536.0, 134.0, 168.0]
[31.0, 524.0, 131.0, 160.0]
[48.0, 514.0, 128.5, 224.0]
[49.0, 600.0, 150.0, 176.0]
[32.0, 484.0, 121.0, 150.0]
[61.0, 656.0, 164.0, 190.0]
[31.0, 538.0, 134.5, 160.0]
[34.0, 510.0, 127.5, 166.0]
[37.0, 488.0, 122.0, 192.0]
[40.0, 544.0, 136.0, 228.0]
[47.0, 552.0, 138.0, 182.0]
[45.0, 516.0, 129.0, 188.0]
[29.0, 466.0, 116.5, 146.0]
[53.0, 568.0, 142.0, 214.0]
[31.0, 500.0, 125.0, 170.0]
[49.0, 496.0, 124.0, 226.0]
[32.0, 546.0, 136.5, 148.0]
[31.0, 464.0, 116.0, 140.0]
[40.0, 574.0, 143.5, 198.0]
[38.0, 426.0, 106.5, 172.0]
[25.0, 448.0, 112.0, 158.0]
[31.0, 524.0, 131.0, 170.0]
[53.0, 560.0, 140.0, 180.0]
[38.0, 552.0, 138.0, 204.0]
[56.0, 578.0, 144.5, 200.0]
[51.0, 542.0, 135.5, 220.0]
[36.0, 490.0, 122.5, 160.0]
[55.0, 558.0, 139.5, 218.0]
[32.0, 548.0, 137.0, 222.0]
[32.0, 578.0, 144.5, 180.0]
[46.0, 542.0, 135.5, 180.0]
[38.0, 556.0, 139.0, 174.0]
[37.0, 544.0, 136.0, 182.0]
[48.0, 594.0, 148.5, 180.0]
[26.0, 526.0, 131.5, 170.0]
[26.0, 472.0, 118.0, 168.0]
[54.0, 542.0, 135.5, 226.0]
[32.0, 438.0, 109.5, 150.0]
[44.0, 576.0, 144.0, 176.0]
[47.0, 546.0, 136.5, 192.0]
[50.0, 558.0, 139.5, 248.0]
[34.0, 564.0, 141.0, 172.0]
[31.0, 520.0, 130.0, 170.0]
[40.0, 562.0, 140.5, 178.0]
[29.0, 492.0, 123.0, 130.0]
[33.0, 476.0, 119.0, 142.0]
[45.0, 610.0, 152.5, 198.0]
[34.0, 494.0, 123.5, 184.0]
[31.0, 462.0, 115.5, 150.0]
[37.0, 522.0, 130.5, 166.0]
[37.0, 506.0, 126.5, 148.0]
[36.0, 508.0, 127.0, 170.0]
[41.0, 540.0, 135.0, 230.0]
[38.0, 550.0, 137.5, 174.0]
[38.0, 530.0, 132.5, 184.0]
[58.0, 636.0, 159.0, 204.0]
[43.0, 538.0, 134.5, 184.0]
[31.0, 490.0, 122.5, 170.0]
[37.0, 548.0, 137.0, 202.0]
[36.0, 600.0, 150.0, 170.0]
[39.0, 500.0, 125.0, 166.0]
[52.0, 594.0, 148.5, 202.0]
[35.0, 466.0, 116.5, 138.0]
[38.0, 484.0, 121.0, 144.0]
[37.0, 578.0, 144.5, 172.0]
[56.0, 528.0, 132.0, 210.0]
[33.0, 552.0, 138.0, 148.0]
[37.0, 526.0, 131.5, 152.0]
[38.0, 488.0, 122.0, 164.0]
[29.0, 440.0, 110.0, 166.0]
[34.0, 534.0, 133.5, 176.0]
[56.0, 570.0, 142.5, 220.0]
[38.0, 592.0, 148.0, 174.0]
[43.0, 582.0, 145.5, 204.0]
[33.0, 534.0, 133.5, 174.0]
[41.0, 476.0, 119.0, 150.0]
[53.0, 562.0, 140.5, 204.0]
[44.0, 552.0, 138.0, 176.0]
[36.0, 518.0, 129.5, 176.0]
[33.0, 526.0, 131.5, 174.0]
[49.0, 622.0, 155.5, 172.0]
[48.0, 618.0, 154.5, 204.0]
[51.0, 484.0, 121.0, 230.0]
[45.0, 464.0, 116.0, 208.0]
[31.0, 536.0, 134.0, 160.0]
[47.0, 508.0, 127.0, 212.0]
[31.0, 476.0, 119.0, 152.0]
[36.0, 560.0, 140.0, 180.0]
[27.0, 476.0, 119.0, 150.0]
[49.0, 576.0, 144.0, 176.0]
[34.0, 530.0, 132.5, 176.0]
[36.0, 494.0, 123.5, 180.0]
[31.0, 534.0, 133.5, 142.0]
[33.0, 544.0, 136.0, 174.0]
[43.0, 484.0, 121.0, 204.0]
[44.0, 530.0, 132.5, 186.0]
[31.0, 464.0, 116.0, 190.0]
[55.0, 596.0, 149.0, 194.0]
[39.0, 556.0, 139.0, 192.0]
[39.0, 564.0, 141.0, 174.0]
[42.0, 590.0, 147.5, 192.0]
[38.0, 480.0, 120.0, 154.0]
[35.0, 594.0, 148.5, 198.0]
[52.0, 582.0, 145.5, 192.0]
[37.0, 538.0, 134.5, 192.0]
[37.0, 566.0, 141.5, 192.0]
[42.0, 548.0, 137.0, 172.0]
[49.0, 584.0, 146.0, 216.0]
[36.0, 596.0, 149.0, 184.0]
[36.0, 572.0, 143.0, 190.0]
[38.0, 502.0, 125.5, 184.0]
[38.0, 524.0, 131.0, 166.0]
[35.0, 528.0, 132.0, 176.0]
[39.0, 532.0, 133.0, 196.0]
[30.0, 514.0, 128.5, 158.0]
[33.0, 476.0, 119.0, 134.0]
[25.0, 414.0, 103.5, 150.0]
[36.0, 514.0, 128.5, 170.0]
[33.0, 574.0, 143.5, 164.0]
[52.0, 598.0, 149.5, 202.0]
[34.0, 544.0, 136.0, 172.0]
[35.0, 520.0, 130.0, 160.0]
[33.0, 570.0, 142.5, 184.0]
[52.0, 584.0, 146.0, 182.0]
[51.0, 570.0, 142.5, 188.0]
[52.0, 498.0, 124.5, 192.0]
[37.0, 558.0, 139.5, 176.0]
[46.0, 534.0, 133.5, 200.0]
[33.0, 496.0, 124.0, 166.0]
[39.0, 526.0, 131.5, 182.0]
[38.0, 568.0, 142.0, 172.0]
[37.0, 540.0, 135.0, 172.0]
[55.0, 636.0, 159.0, 202.0]
[38.0, 482.0, 120.5, 174.0]
[34.0, 540.0, 135.0, 150.0]
[31.0, 470.0, 117.5, 170.0]
[51.0, 540.0, 135.0, 210.0]
[45.0, 604.0, 151.0, 198.0]
[36.0, 528.0, 132.0, 140.0]
[38.0, 496.0, 124.0, 148.0]
[47.0, 590.0, 147.5, 172.0]
[34.0, 570.0, 142.5, 176.0]
[47.0, 568.0, 142.0, 176.0]
[37.0, 522.0, 130.5, 202.0]
[45.0, 592.0, 148.0, 198.0]
[35.0, 494.0, 123.5, 178.0]
[40.0, 608.0, 152.0, 188.0]
[36.0, 536.0, 134.0, 160.0]
Averages:
[38.8678, 538.5728, 134.6432, 178.4096]